```markdown
# 台灣水泥股份有限公司及子公司

## 合併綜合損益表

### 民國112年及111年7月1日至9月30日以及民國112年及111年1月1日至9月30日

### 單位：除每股盈餘為新台幣元外，餘係仟元

| 代 碼 | 金額 | % | 金額 | % | 金額 | % | 金額 | % |
| --- | --- | --- | --- | --- | --- | --- | --- | --- |
| 4000 | 營業收入（附註二三及三三） | $27,002,293 | 100 | $31,423,036 | 100 | $80,966,464 | 100 | $79,274,330 | 100 |
| 5000 | 營業成本（附註十一、一二、二四及三三） | 21,227,341 | 79 | 28,431,209 | 94 | 66,737,333 | 82 | 74,472,393 | 94 |
| 5900 | 營業毛利 | 3,774,952 | 21 | 2,691,827 | 2 | 14,229,131 | 18 | 4,801,937 | 6 |
| 6100 | 推銷費用 | 23,997 | 1 | 94,427 | 1 | 705,694 | 1 | 597,445 | 1 |
| 6200 | 管理費用 | 2,116,240 | 8 | 1,534,869 | 5 | 5,879,383 | 7 | 4,386,560 | 5 |
| 6300 | 研究發展費用 | 368,374 | 1 | 334,993 | 1 | 1,047,398 | 2 | 990,450 | 1 |
| 6000 | 營業費用合計 | 2,721,811 | 10 | 2,066,282 | 2 | 7,632,475 | 10 | 5,974,455 | 7 |
| 6900 | 營業淨利（損） | 3,062,341 | 11 | 627,338 | 2 | 6,596,565 | 8 | (1,172,518) | (1) |
|  |  |  |  |  |  |  |  |  |
|  |  |  |  |  |  |  |  |  |
|  |  |  |  |  |  |  |  |  |
|  |  |  |  |  |  |  |  |  |
|  |  |  |  |  |  |  |  |  |
|  |  |  |  |  |  |  |  |  |
|  |  |  |  |  |  |  |  |  |
|  |  |  |  |  |  |  |  |  |
|  |  |  |  |  |  |  |  |  |
|  |  |  |  |  |  |  |  |  |
|  |  |  |  |  |  |  |  |  |
|  |  |  |  |  |  |  |  |  |
|  |  |  |  |  |  |  |  |  |
|  |  |  |  |  |  |  |  |  |
|  |  |  |  |  |  |  |  |  |
|  |  |  |  |  |  |  |  |  |
|  |  |  |  |  |  |  |  |  |
|  |  |  |  |  |  |  |  |  |
|  |  |  |  |  |  |  |  |  |
|  |  |  |  |  |  |  |  |  |
|  |  |  |  |  |  |  |  |  |
|  |  |  |  |  |  |  |  |  |
|  |  |  |  |  |  |  |  |  |
|  |  |  |  |  |  |  |  |  |
|  |  |  |  |  |  |  |  |  |
|  |  |  |  |  |  |  |  |  |
|  |  |  |  |  |  |  |  |  |
|  |  |  |  |  |  |  |  |  |
|  |  |  |  |  |  |  |  |  |
|  |  |  |  |  |  |  |  |  |
|  |  |  |  |  |  |  |  |  |
|  |  |  |  |  |  |  |  |  |
|  |  |  |  |  |  |  |  |  |
|  |  |  |  |  |  |  |  |  |
|  |  |  |  |  |  |  |  |  |
|  |  |  |  |  |  |  |  |  |
|  |  |  |  |  |  |  |  |  |
|  |  |  |  |  |  |  |  |  |
|  |  |  |  |  |  |  |  |  |
|  |  |  |  |  |  |  |  |  |
|  |  |  |  |  |  |  |  |  |
|  |  |  |  |  |  |  |  |  |
|  |  |  |  |  |  |  |  |  |
|  |  |  |  |  |  |  |  |  |
|  |  |  |  |  |  |  |  |  |
|  |  |  |  |  |  |  |  |  |
|  |  |  |  |  |  |  |  |  |
|  |  |  |  |  |  |  |  |  |
|  |  |  |  |  |  |  |  |  |
|  |  |  |  |  |  |  |  |  |
|  |  |  |  |  |  |  |  |  |
|  |  |  |  |  |  |  |  |  |
|  |  |  |  |  |  |  |  |  |
|  |  |  |  |  |  |  |  |  |
|  |  |  |  |  |  |  |  |  |
|  |  |  |  |  |  |  |  |  |
|  |  |  |  |  |  |  |  |  |
|  |  |  |  |  |  |  |  |  |
|  |  |  |  |  |  |  |  |  |
|  |  |  |  |  |  |  |  |  |
|  |  |  |  |  |  |  |  |  |
|  |  |  |  |  |  |  |  |  |
|  |  |  |  |  |  |  |  |  |
|  |  |  |  |  |  |  |  |  |
|  |  |  |  |  |  |  |  |  |
|  |  |  |  |  |  |  |  |  |
|  |  |  |  |  |  |  |  |  |
|  |  |  |  |  |  |  |  |  |
|  |  |  |  |  |  |  |  |  |
|  |  | 