```markdown
# 鴻海精密工業股份有限公司及子公司
## 合併現金流量表
### 民國112年及111年1月1日至9月30日

| 附註 | 112年1月1日至9月30日 | 111年1月1日至9月30日 |
|------|---------------------|---------------------|
| 投資活動之現金流量 | | |
| 取得透過損益按公允價值衡量之金融資產 | $ (4,413,245) | $ (11,563,044) |
| 處分透過損益按公允價值衡量之金融資產 | 89,212 | - |
| (取得)處分按攤銷後成本衡量之金融資產－流動淨額 | (65,243,913) | 32,846,323 |
| 取得按攤銷後成本衡量之金融資產－非流動 | (2,317,061) | (2,478,980) |
| 處分按攤銷後成本衡量之金融資產－非流動 | 3,902,137 | - |
| 按攤銷後成本衡量之金融資產到期還本 | 2,864,680 | 2,878,200 |
| 取得透過其他綜合損益按公允價值衡量之金融資產 | (3,253,572) | (5,232,558) |
| 處分透過其他綜合損益按公允價值衡量之金融資產 | 1,883,629 | 1,302,539 |
| 其他應收款－關係人(增加)減少 | (237,697) | 711,529 |
| 其他應收款減少 | - | 703,187 |
| 其他流動資產減少 | 1,790,906 | 7,446,994 |
| 取得子公司之淨現金(流出)流入 | (6,400,916) | 214,395 |
| 處分子公司之淨現金流入 | 1,323,322 | 1,392,865 |
| 取得採用權益法之投資 | (3,160,883) | (44,658,676) |
| 處分採用權益法之投資 | 1,190,759 | 649,101 |
| 採用權益法之投資退回收股款 | 六(九) | 24,734,235 |
| 取得不動產、廠房及設備 | 六(四十一) | (71,584,266) | (68,178,057) |
| 處分不動產、廠房及設備 | 六(四十一) | 7,865,479 | 3,405,834 |
| 取得投資性不動產 | - | (105) |
| 處分投資性不動產 | 41,179 | 49,282 |
| 取得使用權資產 | (1,615,092) | (175,887) |
| 取得無形資產 | (1,672,815) | (892,339) |
| 處分無形資產 | 99,429 | 1,298,900 |
| 其他非流動資產增加 | (2,218,395) | (1,713,920) |
| 收取之股利 | 9,052,995 | 13,899,037 |
| 收取之利息 | 52,477,837 | 29,959,678 |
| 其他投資活動 | (310,900) | 479,420 |
| 無形資產交換收取之價款 | - | 299,630 |
| 投資活動之淨現金流出 | (55,112,956) | (37,356,652) |
| 繳資活動之現金流量 | | |
| 短期借款(減少)增加 | (47,949,518) | 158,531,223 |
| 應付短期票券增加 | 27,895,554 | 1,825,705 |
| 發行公司債 | 48,850,000 | 15,100,000 |
| 償還公司債 | (13,400,000) | (17,400,000) |
| 舉借長期借款 | 17,637,023 | 18,180,014 |
| 償還長期借款 | (8,229,940) | (3,698,322) |
| 其他非流動負債增加(減少) | 2,154,718 | (508,320) |
| 租賃本金償還 | (7,961,732) | (7,056,745) |
| 其他非控制權益變動 | 六(三十) | 151,871 | (6,619,851) |
| 發放非控制權益現金股利 | 六(三十) | (7,247,705) | (6,938,076) |
| 支付之利息 | (42,954,021) | (18,412,447) |
| 發放現金股利 | 六(二十八) | (73,473,850) | (72,087,551) |
| 繳資活動之淨現金(流出)流入 | (104,527,600) | 60,915,630 |
| 匯率變動對現金及約當現金之影響 | | |
| 本期現金及約當現金增加數 | 19,191,818 | 21,102,336 |
| 期初現金及約當現金餘額 | 1,062,326,324 | 1,059,417,011 |
| 期末現金及約當現金餘額 | $ 1,280,830,158 | $ 1,200,621,633 |

---

後附合併財務報表附註為本合併財務報告之一部分，請併同參閱。

董事長：劉揚偉
經理人：劉揚偉
會計主管：周宗愷
```