```markdown
# 台達電子工業股份有限公司及子公司

## 合併資產負債表

民國111年3月31日及民國110年12月31日、3月31日

（民國111年及110年3月31日之合併資產負債表經核閱，未依一般公認審計準則查核）

單位：新台幣仟元

| 負債及權益 | 附註 | 111年3月31日 | 110年12月31日 | 110年3月31日 |
| --- | --- | --- | --- | --- |
| 流動負債 |  |  |  |  |
| 2100 | 短期借款 | 六(十三) | $3,503,632 | $4,397,362 | $1,678,806 |
| 2120 | 透過損益按公允價值衡量之金融負債－流動 | 六(二) | 56,377 | 41,371 | 209,728 |
| 2130 | 合約負債－流動 | 六(二十) | 5,454,738 | 5,438,939 | 5,076,625 |
| 2150 | 應付票據 |  | 268 | 440 | 4,295 |
| 2170 | 應付帳款 |  | 51,418,230 | 54,554,462 | 47,773,555 |
| 2180 | 應付帳款－關係人 | 七 | 16,512 | 15,023 | 7,596 |
| 2200 | 其他應付款 | 六(十四) | 33,883,482 | 35,652,202 | 34,402,563 |
| 2230 | 本期所得稅負債 |  | 4,077,918 | 3,486,108 | 3,198,135 |
| 2300 | 其他流動負債 | 六(十五) | 5,243,986 | 4,583,570 | 4,393,714 |
| 21XX | 流動負債合計 |  | 103,655,143 | 108,169,477 | 96,745,017 |
| 非流動負債 |  |  |  |  |
| 2540 | 長期借款 | 六(十五) | 42,072,475 | 43,913,787 | 36,445,402 |
| 2570 | 遞延所得稅負債 |  | 17,428,188 | 16,777,156 | 16,013,677 |
| 2580 | 租賃負債－非流動 |  | 1,443,045 | 1,366,401 | 1,350,887 |
| 2600 | 其他非流動負債 |  | 9,741,260 | 8,760,831 | 7,510,890 |
| 25XX | 非流動負債合計 |  | 70,684,968 | 70,818,175 | 61,320,856 |
| 2XXX | 負債總計 |  | 174,340,111 | 178,987,652 | 158,065,873 |
| 權益 |  |  |  |  |
| 股本 |  |  |  |  |
| 3110 | 普通股股本 | 六(十七) | 25,975,433 | 25,975,433 | 25,975,433 |
| 資本公積 | 六(十八) |  |  |  |  |
| 3200 | 資本公積 |  | 48,944,961 | 49,114,151 | 49,046,774 |
| 保留盈餘 | 六(十九) |  |  |  |  |
| 3310 | 法定盈餘公積 |  | 29,697,752 | 29,697,752 | 27,342,534 |
| 3320 | 特別盈餘公積 |  | 12,543,208 | 12,543,208 | 7,622,034 |
| 3350 | 未分配盈餘 |  | 59,809,936 | 53,622,701 | 54,929,632 |
| 其他權益 |  |  |  |  |
| 3400 | 其他權益 |  | (10,364,858) | (16,166,723) | (11,112,320) |
| 31XX | 歸屬於母公司業主之權益 |  |  |  |  |
| 合計 |  |  | 166,606,432 | 154,786,522 | 153,804,087 |
| 36XX | 非控制權益 | 四(三) | 33,246,772 | 31,338,136 | 31,930,811 |
| 3XXX | 權益總計 |  | 199,853,204 | 186,124,658 | 185,734,898 |
| 重大或有負債及未認列之合約承諾 | 九 |  |  |  |  |
| 重大之期後事項 | 十一 |  |  |  |  |
| 3X2X | 負債及權益總計 |  | $374,193,315 | $365,112,310 | $343,800,771 |

---

後附合併財務報表附註為本合併財務報告之一部分，請併同參閱。

---

董事長：海英俊 | 經理人：鄭平 | 會計主管：余博文
```