```markdown
| 代 碼 | 111年1月1日至3月31日 | 110年1月1日至3月31日 |
|-------|---------------------|---------------------|
| 7060  | 採用權益法認列關聯企業及合資損益之份額（附註十四） | $ 110,069 | $ 43,191 |
| 7000  | 營業外收入及支出合計 | 14,512 | 216,437 |
| 7900  | 稅前淨利 | 11,674,393 | 11,320,348 |
| 7950  | 所得稅費用（附註三及三二） | 2,283,416 | 2,198,718 |
| 8200  | 本期淨利 | 9,390,977 | 9,121,630 |

其他綜合損益
不重分類至損益之項目：
| 8316 | 透過其他綜合損益按公允價值衡量之權益工具投資未實現評價損益（附註二九及三七） | (44,560) | (945,349) |
| 8317 | 適用基礎調整之避險工具損益（附註二十） | 16,341 | (3,616) |
| 8321 | 採用權益法認列關聯企業及合資之確定福利計畫再衡量數份額（附註十四） | 1,524 | 758 |
| 8310 | 後續可能重分類至損益之項目： | (26,695) | (948,207) |

後續可能重分類至損益之項目：
| 8361 | 國外營運機構財務報表換算之兌換差額 | 77,050 | (38,328) |
| 8370 | 採用權益法認列關聯企業及合資之其他綜合損益份額（附註十四） | (194) | 459 |
| 8360 |  | 76,856 | (37,869) |
| 8300 | 其他綜合損益淨額 | 50,161 | (986,076) |
| 8500 | 本期綜合損益總額 | $ 9,441,138 | $ 8,135,554 |

(接次頁)
```