```markdown
| 代碼 | 項目 | 附註 | 一二年第三季 | 一二年第一季 | 一二年前三季度 | 一二年前三季度 |
|------|------|------|--------------|--------------|----------------|----------------|
| 4000 | 營業收入 | 六.22及七 | $110,097,528 | $142,161,276 | $303,884,325 | $440,601,946 |
| 5000 | 營業成本 | 六.7、六.25及七 | (57,905,182) | (72,065,867) | (159,133,675) | (221,958,877) |
| 5900 | 營業毛利 | | 52,192,346 | 70,095,409 | 144,750,650 | 218,643,069 |
| 6000 | 營業費用 | 六.23、六.24、六.25及七 | | | | |
| 6100 | 推銷費用 | (3,777,662) | (3,526,557) | (9,764,529) | (10,571,866) |
| 6200 | 管理費用 | (2,260,562) | (3,405,911) | (6,954,089) | (10,539,212) |
| 6300 | 研究發展費用 | (28,242,000) | (30,105,923) | (80,912,650) | (88,827,171) |
| 6450 | 預期信用減損利益(損失) | 32,348 | (2,988) | (55,600) | (2,623) |
| | | | (34,247,876) | (37,041,379) | (97,686,868) | (109,940,872) |
| 6900 | 營業利益 | | 17,944,470 | 33,054,030 | 47,063,782 | 108,702,197 |
| 7000 | 營業外收入及支出 | | | | | |
| 7100 | 利息收入 | 六.26 | 1,663,575 | 908,318 | 4,939,247 | 1,882,409 |
| 7010 | 其他收入 | 六.27及七 | 1,140,900 | 962,996 | 5,566,507 | 2,166,617 |
| 7020 | 其他利益及損失 | 六.28 | 317,531 | 715,656 | 1,022,298 | 976,384 |
| 7050 | 財務成本 | 六.29 | (253,119) | (118,494) | (327,604) | (263,288) |
| 7060 | 採用權益法認列之關聯企業及合資損益之份額 | 六.9 | 179,607 | 73,982 | 202,674 | 1,039,588 |
| | | | 3,048,494 | 2,542,458 | 11,403,122 | 5,801,710 |
| 7900 | 稅前淨利 | | 20,992,964 | 35,596,488 | 58,466,904 | 114,503,907 |
| 7950 | 所得稅費用 | 四及六.31 | (2,424,450) | (4,511,127) | (6,989,075) | (14,393,288) |
| 8200 | 本期淨利 | | 18,568,514 | 31,085,361 | 51,477,829 | 100,110,619 |
| 8300 | 其他綜合損益 | 四、六.9、六.30及六.31 | | | | |
| 8310 | 不重分類至損益之項目 | | | | | |
| 8316 | 透過其他綜合損益按公允價值衡量之權益工具投資 | (591,979) | (5,105,235) | 9,906,581 | (9,523,538) |
| | | | (4) | 3 | (2) |
| 8320 | 採用權益法認列之關聯企業及合資之其他綜合損益 | (497,689) | (6,989,418) | (396,760) | (26,628,085) |
| | | | (5) | - | (6) |
| 8349 | 與不重分類項目相關之所得稅 | 908,894 | 295,107 | - | (6,965) |
| | | | - | - | - |
| 8360 | 後續可能重分類至損益之項目 | | | | | |
| 8361 | 國外營運機構財務報表編算之兒稿差額 | 9,702,098 | 16,498,346 | 11,031,427 | 33,547,631 |
| | | | 12 | 4 | 8 |
| 8367 | 透過其他綜合損益按公允價值衡量之債務工具投資 | (3,588) | - | (17,101) | - |
| | | | - | - | (42,690) |
| 8370 | 採用權益法認列之關聯企業及合資之其他綜合損益 | (25,010) | (1,757,966) | (383,132) | (3,402,564) |
| | | | (1) | - | (1) |
| | | | | | |
| | | | 9,492,726 | 2,923,733 | 20,149,893 | 4,969,947 |
| 8500 | 本期綜合損益總額 | | $28,061,240 | $34,009,094 | $71,627,722 | $95,140,672 |
| 8600 | 淨利歸屬於： | | | | | |
| 8610 | 母公司業主 | 六.32 | $18,477,639 | $30,954,628 | $51,315,980 | $99,653,029 |
| 8620 | 非控制權益 | 90,875 | 130,733 | 161,849 | 457,590 |
| | | | | | |
| |