```markdown
# 長榮海運股份有限公司及子公司

## 合併財務報表

### 民國 111 年 9 月 30 日及民國 110 年 12 月 31 日、9 月 30 日

(民國 111 年及 110 年 9 月 30 日之合併資產負債表採用期間，未依一般公認審計準則查核)

### 單位：新台幣仟元

| 負債及權益 | 附註 | 111 年 9 月 30 日 | 110 年 12 月 31 日 | 110 年 9 月 30 日 |
| --- | --- | --- | --- | --- |
| 流動負債 |  |  |  |  |
| 2120 | 透過損益按公允價值衡量之 | $27,396 | - $ | - $ | - |
| 2126 | 避險之金融負債－流動 | 1,920,845 | - | 1,031,678 | - 1,067,237 |
| 2130 | 合約負債－流動 | 15,619,553 | 2 | 13,530,256 | 2 10,544,321 |
| 2150 | 應付票據 | 86 | - | 392 | - 3,581 |
| 2170 | 應付帳款 | 36,692,441 | 4 | 30,078,959 | 5 25,392,055 |
| 2180 | 應付帳款－關係人 | 766,683 | - | 295,869 | - 295,016 |
| 2200 | 其他應付款 | 12,757,975 | 2 | 11,471,217 | 2 10,346,524 |
| 2220 | 其他應付款項－關係人 | 10,169,943 | 1 | 124,159 | - 643,507 |
| 2230 | 本期所得稅負債 | 52,421,406 | 6 | 12,362,320 | 2 9,494,189 |
| 2280 | 租賃負債－流動 | 11,815,680 | 1 | 16,238,751 | 3 15,665,169 |
| 2300 | 其他流動負債 | 15,514,412 | 2 | 23,959,259 | 4 39,698,115 |
| 21XX | 流動負債合計 | 157,706,420 | 18 | 109,092,860 | 18 113,149,714 |
| 非流動負債 |  |  |  |  |
| 2511 | 避險之金融負債－非流動 | 16,056,341 | 2 | 10,477,195 | 2 10,805,745 |
| 2530 | 應付公司債 | 4,793,291 | 1 | 6,772,950 | 1 6,760,175 |
| 2540 | 長期借款 | 36,651,383 | 4 | 39,638,454 | 6 46,388,991 |
| 2570 | 遞延所得稅負債 | 4,199,319 | - | 11,676,126 | 2 6,132,354 |
| 2580 | 租賃負債－非流動 | 82,222,694 | 9 | 71,200,494 | 12 64,500,630 |
| 2600 | 其他非流動負債 | 5,449,555 | 1 | 4,846,451 | 1 3,915,804 |
| 25XX | 非流動負債合計 | 149,372,583 | 17 | 144,611,670 | 24 138,503,699 |
| 2XXX | 負債總計 | 307,079,003 | 35 | 253,704,530 | 42 251,653,413 |
| 歸屬於母公司業主之權益 |  |  |  |  |
| 股本 |  |  |  |  |
| 3110 | 普通股股本 | 21,164,201 | 2 | 52,908,484 | 9 52,908,474 |
| 3130 | 債券換股權利證書 | - | - | - | - 10 |
| 資本公積 |  |  |  |  |
| 3200 | 資本公積 | 15,960,370 | 2 | 15,762,185 | 2 15,489,492 |
| 保留盈餘 |  |  |  |  |
| 3310 | 法定盈餘公積 | 32,019,129 | 4 | 8,122,482 | 1 8,122,482 |
| 3320 | 特別盈餘公積 | 1,145,770 | - | 581,406 | - 581,406 |
| 3350 | 未分配盈餘 | 435,205,548 | 49 | 250,555,749 | 41 169,885,902 |
| 其他權益 |  |  |  |  |
| 3400 | 其他權益 | 33,909,525 | 4 | (1,145,770) | - 7,653 |
| 31XX | 歸屬於母公司業主之權益 |  |  |  |  |
| 合計 | 539,404,543 | 61 | 326,784,536 | 53 246,995,419 |
| 36XX | 非控制權益 | 35,089,142 | 4 | 30,537,054 | 5 25,326,927 |
| 3XXX | 權益總計 | 574,493,685 | 65 | 357,321,590 | 58 272,322,346 |
| 重大或有負債及未認列之合約 | 九 |  |  |  |  |
| 承諾 |  |  |  |  |  |
| 重大之期後事項 | 十一 |  |  |  |  |
| 3X2X | 負債及權益總計 | $881,572,688 | 100 | $611,026,120 | 100 $523,975,759 | 100 |

---

後附合併財務報