### 财务报告

#### 112年7月1日至9月30日
| 项目 | 金额 | % | 金额 | % | 金额 | % | 金额 | % |
|------|------|---|------|---|------|---|------|---|
| 4100 | 22,426,730 | 100 | 20,581,333 | 100 | 62,232,085 | 100 | 55,007,074 | 100 |
| 5110 | 17,262,507 | 77 | 16,048,288 | 78 | 48,259,740 | 78 | 43,419,102 | 79 |
| 5900 | 5,164,223 | 23 | 4,533,045 | 22 | 13,972,345 | 22 | 11,587,972 | 21 |
| 6100 | 496,309 | 2 | 517,335 | 2 | 1,343,756 | 2 | 1,319,886 | 2 |
| 6200 | 547,394 | 2 | 593,510 | 3 | 1,593,724 | 2 | 1,560,844 | 3 |
| 6300 | 1,040,938 | 5 | 803,179 | 4 | 2,766,504 | 4 | 2,130,733 | 4 |
| 6450 | 1,194 | - | 1,633 | - | 173 | - | 1,310 | - |
| 6000 | 2,083,447 | 9 | 1,912,391 | 9 | 5,704,157 | 8 | 5,010,153 | 9 |
| 6900 | 3,080,776 | 14 | 2,620,654 | 13 | 8,268,188 | 14 | 6,577,819 | 12 |
| 7100 | 144,144 | 1 | 37,925 | - | 437,879 | 1 | 63,453 | - |
| 7010 | 36,013 | - | 32,183 | - | 78,671 | - | 63,735 | - |
| 7020 | 141,569 | - | 599,022 | 3 | 265,371 | - | 836,564 | 2 |
| 7050 | 15,115 | - | 16,342 | - | 51,436 | - | 44,120 | - |
| 7060 | 174 | - | 354 | - | 480 | - | 894 | - |
| 7000 | 306,437 | 1 | 652,434 | 3 | 730,005 | 1 | 918,738 | 2 |
| 7900 | 3,387,213 | 15 | 3,273,088 | 16 | 8,998,193 | 15 | 7,496,557 | 14 |
| 7950 | 1,001,405 | 4 | 811,878 | 4 | 2,330,324 | 4 | 1,675,274 | 3 |
| 8200 | 2,385,808 | 11 | 2,461,210 | 12 | 6,667,869 | 11 | 5,821,283 | 11 |
| 8310 | 4,184 | - | 15,887 | - | 79,635 | - | 95,530 | - |
| 8316 | 248,514 | 1 | 92,886 | - | 146,194 | - | 222,215 | - |
| 8300 | 244,330 | 1 | 76,999 | - | 225,829 | - | 126,685 | - |
| 8500 | 2,630,138 | 12 | 2,538,209 | 12 | 6,893,698 | 11 | 5,947,968 | 11 |
| 9750 | 4.28 | - | 4.41 | - | 11.95 | - | 10.44 | - |
| 9850 | 4.25 | - | 4.38 | - | 11.86 | - | 10.33 | - |

#### 附注
- 本报告为合并财务报告的一部分。
- 请参阅勤业眾信联合会计师事务所民國112年11月9日核阅报告。

---

### 董事长：宽鑫
### 代表人：林明
### 经理人：石军
### 会计主管：陈芳仪

---

### - 6 -