以下是从PDF财务报告图像中提取的文本和表格信息：

### 文本内容
- 董事长：张安平
- 经理人：程耀辉
- 会计主管：叶国宏

### 表格数据
#### 资产负债表
| 项目 | 112年3月31日 | 111年12月31日 | 111年3月31日 |
|------|--------------|---------------|--------------|
| 现金及约当现金（附注六） | $ 72,510,081 | $ 88,842,494 | $ 95,367,543 |
| 透过损益按公允价值衡量之金融资产（附注七、三二及三四） | 688,831 | - | 859,007 |
| 透过其他综合损益按公允价值衡量之金融资产（附注八、三二及三四） | 6,826,023 | 5,934,753 | 5,789,040 |
| 按摊销后成本衡量之金融资产（附注六及三四） | 29,982,272 | 20,954,299 | 17,917,938 |
| 应收票据（附注九及三二） | 15,423,145 | 19,450,723 | 19,550,756 |
| 应收帐款（附注九、十及三二） | 13,605,976 | 15,148,760 | 13,244,040 |
| 应收票据及帐款一关系人（附注三三） | 1,483,543 | 513,975 | 423,374 |
| 其他应收款 | 2,591,541 | 2,309,268 | 1,654,875 |
| 其他应收款一关系人 | 20,638 | 415,606 | 314,894 |
| 存货（附注十一） | 13,443,179 | 16,089,980 | 17,682,878 |
| 预付款项（附注三三） | 6,726,817 | 4,268,017 | 4,705,273 |
| 其他流动资产（附注二三） | 1,026,921 | 1,084,374 | 1,087,386 |
| 流动资产总计 | 163,318,027 | 175,624,058 | 178,596,913 |

| 项目 | 112年3月31日 | 111年12月31日 | 111年3月31日 |
|------|--------------|---------------|--------------|
| 透过损益按公允价值衡量之金融资产（附注七、三二及三四） | 297,759 | - | - |
| 透过其他综合损益按公允价值衡量之金融资产（附注八、三二及三四） | 20,906,490 | 22,751,646 | 22,180,763 |
| 按摊销后成本衡量之金融资产（附注六及三四） | 18,829,366 | 9,577,103 | 11,646,126 |
| 投资性不動產（附注十六、二四及二八） | 127,763,598 | 114,739,983 | 112,934,189 |
| 使用權資產（附注十五、二四及三三） | 15,634,113 | 15,503,775 | 15,697,201 |
| 投資性不動產（附注十六、二四及二八） | 7,949,939 | 5,323,016 | 5,410,610 |
| 無形資產（附注十七、二四及二八） | 28,680,821 | 27,880,416 | 27,997,866 |
| 預付設備款（附注十四） | 8,712,928 | 6,658,047 | 8,435,855 |
| 應收融資租賃款（附注十） | 19,049,991 | 21,372,402 | 22,101,820 |
| 淨確定福利資產 | 1,583,640 | 1,575,311 | 1,856,632 |
| 其他非流动資產（附注四及三四） | 2,857,337 | 2,931,435 | 2,931,447 |
| 非流动資產總計 | 309,599,435 | 285,184,903 | 280,136,686 |

| 项目 | 112年3月31日 | 111年12月31日 | 111年3月31日 |
|------|--------------|---------------|--------------|
| 短期借款（附註十八、三十及三四） | $ 20,099,911 | $ 22,416,812 | $ 44,217,526 |
| 應付短期票券 | 3,640,126 | 3,065,961 | 4,108,056 |
| 透過損益按公允價值衡量之金融負債（附註七及三二） | 603,782 | - | 641,522 |
| 合約負債（附註二三） | 4,372,004 | 1,774,714 | 2,507,559 |
| 應付票據及帳款（附註三三） | 11,238,347 | 13,691,411 | 13,906,734 |
| 其他應付款（附註三三） | 13,303,326 | 9,771,591 | 8,675,845 |
| 應付帳款一關係人（附註三三） | 1,080,014 | 750,236 | 454,103 |
| 本期所得稅負債（附註四） | 2,401,755 | 1,063,356 | 875,099 |
| 租賃負債（附註十五及三三） | 466,737 | 400,136 | 396,335 |
| 一年內到期之長期負債（附註十八、十九、三十及三四） | 36,635,653 | 21,511,839 | 432,276 |
| 其他流動負債 | 496,902 | 121,833 | 204,126 |
| 流動負債總計 | 94,338,554 | 75,209,411 | 76,481,851 |

| 项目 | 112年3月31日 | 111年12月31日 | 111年3月31日 |
|------|--------------|---------------|--------------|
| 應付公司債（