### 财务报告

#### 中华电信股份有限公司及子公司
#### 合并综合损益表
#### 民国 112 年及 111 年 7 月 1 日至 9 月 30 日以及民国 112 年及 111 年 1 月 1 日至 9 月 30 日

单位：新台币仟元，惟每股盈余为元

| 代 码 | 金 额 | 金 额 | 金 额 | 金 额 | 金 额 | 金 额 |
|------|--------|--------|--------|--------|--------|--------|
| 4000 | 157,238,260 | 100 | 161,332,502 | 100 | $ 161,332,502 | 100 |
| 5000 | 97,211,557 | 62 | 100,548,189 | 62 | $ 100,548,189 | 62 |
| 5900 | 60,026,703 | 38 | 60,784,313 | 38 | $ 60,784,313 | 38 |
| 6100 | 16,641,971 | 10 | 17,149,826 | 11 | $ 17,149,826 | 11 |
| 6200 | 4,630,572 | 3 | 4,797,693 | 3 | $ 4,797,693 | 3 |
| 6300 | 2,785,315 | 2 | 2,854,258 | 2 | $ 2,854,258 | 2 |
| 6450 | 95,102 | - | 85,147 | - | $ 85,147 | - |
| 6000 | 24,152,960 | 15 | 24,886,924 | 16 | $ 24,886,924 | 16 |
| 6500 | 6,013 | - | 1,462 | - | $ 1,462 | - |
| 6900 | 35,867,730 | 23 | 35,898,851 | 22 | $ 35,898,851 | 22 |
| 7100 | 146,294 | - | 455,069 | - | $ 455,069 | - |
| 7190 | 322,537 | - | 325,769 | - | $ 325,769 | - |
| 7020 | 163,661 | - | 228,718 | - | $ 228,718 | - |
| 7510 | 190,264 | - | 233,310 | - | $ 233,310 | - |
| 7060 | 400,910 | - | 339,473 | - | $ 339,473 | - |
| 7000 | 515,816 | - | 658,283 | - | $ 658,283 | - |
| 7900 | 36,383,546 | 23 | 36,557,134 | 22 | $ 36,557,134 | 22 |
| 7950 | 7,180,947 | 4 | 7,097,925 | 4 | $ 7,097,925 | 4 |
| 8200 | 29,202,599 | 19 | 29,459,209 | 18 | $ 29,459,209 | 18 |
| 8316 | 127,988 | - | 547,814 | - | $ 547,814 | - |
| 8317 | 21,038 | - | 16,426 | - | $ 16,426 | - |
| 8320 | 3,906 | - | 7,488 | - | $ 7,488 | - |
| 8310 | 103,044 | - | 538,876 | - | $ 538,876 | - |
| 8500 | 29,443,914 | 19 | 30,106,542 | 18 | $ 30,106,542 | 18 |
| 8610 | 28,075,670 | 18 | 28,659,133 | 18 | $ 28,659,133 | 18 |
| 8620 | 1,126,929 | 1 | 800,076 | - | $ 800,076 | - |
| 8600 | 29,202,599 | 19 | 29,459,209 | 18 | $ 29,459,209 | 18 |
| 8710 | 28,303,690 | 18 | 29,311,597 | 18 | $ 29,311,597 | 18 |
| 8720 | 1,140,224 | 1 | 794,945 | - | $ 794,945 | - |
| 8700 | 29,443,914 | 19 | 30,106,542 | 18 | $ 30,106,542 | 18 |

#### 每股盈余（附注三二）
| 代 码 | 基 本 | 稀 释 |
|------|--------|--------|
| 9710 | $ 1.17 | $ 1.21 |
| 9810 | $ 1.17 | $ 1.21 |

#### 後附之附註係本合併財務報告之一部分。

---

### 董事長：郭水義
### 經理人：林昭陽
### 會計主管：陳淑玲

---

### - 5 -