### 财务报告

#### 流动资产
| 项目 | 111年3月31日 | 110年12月31日 | 110年3月31日 |
|------|--------------|---------------|--------------|
| 现金及约当现金 | $ 9,630,649 | $ 7,197,351 | $ 7,720,129 |
| 透过损益按公允价值衡量之金融资产－流动 | 1,231,854 | 1,952,647 | 679,525 |
| 按摊销后成本衡量之金融资产－流动 | 47,730,479 | 43,740,876 | 37,544,992 |
| 应收帐款净额 | 12,573,988 | 12,796,821 | 11,136,321 |
| 应收帐款－关系人净额 | 3,289,116 | 3,192,184 | 3,019,486 |
| 其他应收款 | 188,826 | 156,928 | 361,255 |
| 存货 | 17,466,154 | 16,548,712 | 9,785,315 |
| 预付款项 | 402,983 | 659,883 | 417,707 |
| 流动资产合计 | 92,514,049 | 86,245,402 | 70,664,730 |

#### 非流动资产
| 项目 | 111年3月31日 | 110年12月31日 | 110年3月31日 |
|------|--------------|---------------|--------------|
| 透过其他综合损益按公允价值衡量之金融资产－非流动 | 3,423,958 | 3,644,878 | 3,193,493 |
| 按摊销后成本衡量之金融资产－非流动 | 80,381 | 80,101 | 79,821 |
| 接用权益法之投资 | 185,690 | 191,377 | 155,922 |
| 不动产、厂房及设备 | 6,554,836 | 6,302,938 | 5,037,145 |
| 使用权资产 | 1,593,570 | 1,587,910 | 1,622,680 |
| 投资性不流动资产净额 | 42,285 | 41,641 | 44,644 |
| 无形资产 | 3,170,192 | 2,231,694 | 2,004,072 |
| 遗延所得税资产 | 202,444 | 171,321 | 158,153 |
| 其他非流动资产 | 714,493 | 734,651 | 29,802 |
| 非流动资产合计 | 15,967,849 | 14,986,511 | 12,325,732 |

#### 资产总计
| 项目 | 111年3月31日 | 110年12月31日 | 110年3月31日 |
|------|--------------|---------------|--------------|
| 资产总计 | $ 108,481,898 | $ 101,231,913 | $ 82,990,462 |

---

(续次页)