### 财务报告表格数据

#### 原始数据

| 名称 | 发行日期 | 到期日 | 利率(%) | 发行金额 | 111年9月30日 | 110年12月31日 | 110年9月30日 | 备注 |
|------|----------|--------|---------|----------|--------------|--------------|--------------|------|
| 一〇一年 | 101.12.7 | 110.12.7-111.12.7 | 1.51 | $4,100,000 | $2,050,000 | $2,050,000 | $4,100,000 | 分期还本50% |
| 一〇一年 | 102.1.22 | 111.1.22-112.1.22 | 1.50 | 2,200,000 | 1,100,000 | 2,200,000 | 2,200,000 | 分期还本50% |
| 一〇二年 | 102.7.8 | 111.7.8-112.7.8 | 1.52 | 2,800,000 | 1,400,000 | 2,800,000 | 2,800,000 | 分期还本50% |
| 一〇二年 | 103.1.17 | 114.1.17-115.1.17 | 2.03 | 10,000,000 | 10,000,000 | 10,000,000 | 10,000,000 | 分期还本50% |
| 一〇三年 | 103.7.4 | 112.7.4-113.7.4 | 1.81 | 1,400,000 | 1,400,000 | 1,400,000 | 1,400,000 | 分期还本50% |
| 一〇三年 | 103.7.4 | 117.7.4-118.7.4 | 2.03 | 4,600,000 | 4,600,000 | 4,600,000 | 4,600,000 | 分期还本50% |
| 一〇四年 | 108.5.13 | 112.5.13-113.5.13 | 0.75 | 3,300,000 | 3,300,000 | 3,300,000 | 3,300,000 | 分期还本50% |
| 一〇四年 | 108.5.13 | 114.5.13-115.5.13 | 0.83 | 3,000,000 | 3,000,000 | 3,000,000 | 3,000,000 | 分期还本50% |
| 一〇四年 | 108.5.13 | 117.5.13-118.5.13 | 0.93 | 700,000 | 700,000 | 700,000 | 700,000 | 分期还本50% |
| 一〇五年 | 109.9.3 | 113.9.3-114.9.3 | 0.52 | 2,900,000 | 2,900,000 | 2,900,000 | 2,900,000 | 分期还本50% |
| 一〇五年 | 109.9.3 | 115.9.3-116.9.3 | 0.60 | 5,200,000 | 5,200,000 | 5,200,000 | 5,200,000 | 分期还本50% |
| 一〇五年 | 109.9.3 | 118.9.3-119.9.3 | 0.67 | 1,900,000 | 1,900,000 | 1,900,000 | 1,900,000 | 分期还本50% |
| 一〇六年 | 110.5.10 | 114.5.10-115.5.10 | 0.48 | 6,000,000 | 6,000,000 | 6,000,000 | 6,000,000 | 分期还本50% |
| 一〇六年 | 110.5.10 | 116.5.10-117.5.10 | 0.56 | 4,000,000 | 4,000,000 | 4,000,000 | 4,000,000 | 分期还本50% |
| 一〇七年 | 110.5.10 | 114.5.10-115.5.10 | 0.48 | 6,000,000 | 6,000,000 | 6,000,000 | 6,000,000 | 分期还本50% |
| 一〇七年 | 110.5.10 | 116.5.10-117.5.10 | 0.56 | 4,000,000 | 4,000,000 | 4,000,000 | 4,000,000 | 分期还本50% |
| 一〇八年 | 110.5.10 | 114.5.10-115.5.10 | 0.48 | 6,000,000 | 6,000,000 | 6,000,000 | 6,000,000 | 分期还本50% |
| 一〇八年 | 110.5.10 | 116.5.10-117.5.10 | 0.56 | 4,000,000 | 4,000,000 | 4,000,000 | 4,000,000 | 分期还本50% |
| 一〇九年 | 110.5.10 | 114.5.10-115.5.10 | 0.48 | 6,000,000 | 6,000,000 | 6,000,000 | 6,000,000 | 分期还本50% |
| 一〇九年 | 110.5.10 | 116.5.10-117.5.10 | 0.56 | 4,000,000 | 4,000,000 | 4,000,000 | 4,000,000 | 分期还本50% |
| 一〇十年 | 110.5.10 | 114.5.10-115.5.10 | 0.48 | 6,000,000 | 6,000,000 | 6,000,000 | 6,000,000 | 分期还本50