民國111年及110年7月1日至9月30日
（僅經核閱）

單位：新台幣仟元，惟
每股盈餘為元

| 代 碼 | 111年7月1日至9月30日 | 110年7月1日至9月30日 | 111年1月1日至9月30日 | 110年1月1日至9月30日 |
|-------|------------------|------------------|------------------|------------------|
| 4100  | 銷貨收入（附註二十及三四） | $ 6,077,173 | $ 6,663,429 | $19,808,521 | $19,632,353 |
| 5110  | 銷貨成本（附註十及二一） | 3,262,883 | 3,384,194 | 10,820,108 | 10,021,046 |
| 5900  | 營業毛利 | 2,814,290 | 3,279,235 | 8,988,413 | 9,611,307 |
| 6100  | 推銷費用 | 626,899 | 585,804 | 1,898,833 | 1,705,148 |
| 6200  | 管理費用 | 305,934 | 505,533 | 821,844 | 1,015,791 |
| 6300  | 研究發展費用 | 184,819 | 152,205 | 543,778 | 441,850 |
| 6450  | 預期信用減損損失（利益） | (6,376) | 6,809 | 17,549 | 33,455 |
| 6000  | 營業費用合計 | 1,111,276 | 1,250,351 | 3,282,004 | 3,196,244 |
| 6900  | 營業淨利 | 1,703,014 | 2,028,884 | 5,706,409 | 6,415,063 |
| 7100  | 利息收入 | 28,369 | 22,947 | 76,133 | 73,262 |
| 7020  | 其他利益及損失 | 105,275 | 83,470 | 386,070 | 19,210 |
| 7050  | 財務成本 | (34,424) | (1) | (54,164) | (1) |
| 7000  | 營業外收入及支出合計 | 99,220 | 52,253 | 358,728 | 95,087 |
| 7900  | 繼續營業單位稅前淨利 | 1,802,234 | 2,081,137 | 6,065,137 | 6,319,976 |
| 7950  | 所得稅費用（附註四及二二） | 411,201 | 7 | 1,394,306 | 7 |
| 8200  | 本期淨利 | 1,391,033 | 23 | 4,670,831 | 24 |
| 8310  | 其他綜合損益 |  |  |  |  |
| 8341  | 不重分類至損益之項目： |  |  |  |  |
| 8360  | 換算表達貨幣之兌換差額 | 305,956 | 5 | (21,206) | - |
| 8361  | 後續可能重分類至損益之項目： |  |  |  |  |
| 8300  | 國外營運機構財務報表換算 | (55,612) | (1) | (3,541) | - |
| 8300  | 本期其他綜合損益（稅後淨額） | 250,344 | 4 | (24,747) | - |
| 8500  | 本期綜合損益總額 | $1,641,377 | 27 | $1,575,858 | 24 |
| 8600  | 淨利歸屬於： |  |  |  |  |
| 8610  | 本公司業主 | $1,391,166 | 23 | $1,600,763 | 24 |
| 8620  | 非控制權益 | (133) | - | (158) | - |
| 8600  | 本期綜合損益總額 | $1,391,033 | 23 | $1,600,605 | 24 |
| 8700  | 綜合損益總額歸屬於： |  |  |  |  |
| 8710  | 本公司業主 | $1,641,519 | 27 | $1,576,015 | 24 |
| 8720  | 非控制權益 | (142) | - | (157) | - |
| 8700  | 本期綜合損益總額 | $1,641,377 | 27 | $1,575,858 | 24 |
| 9710  | 每股盈餘（附註二三） | $6.96 | $8.47 | $23.36 | $25.59 |
| 9810  | 稀 釋 | $6.95 | $8.47 | $23.34 | $25.57 |

後附之附註係本合併財務報告之一部分。

董事長：王世忠
經理人：王世忠
會計主管：曹永祥