台湾化学纤维股份有限公司及子公司

合并资产负债表

民国112年3月31日及民国111年12月31日、3月31日

（民国112年及111年3月31日之合并资产负债表未经核阅，未依审计准则查核）

单位：新台币仟元

流动负债

2100 短期借款 六(十) $ 41,589,873 7 $ 35,117,887 6 $ 18,148,209 3
2110 应付短期票据 六(十) 37,270,503 6 32,892,666 6 20,246,274 3
2120 透过损益按公允价值衡量之金融负债－流动 - - 2,826 - - -
2150 应付票据 - 37,318 - 164,722 - 219,006 -
2170 应付帐款 4,795,145 1 4,801,464 1 6,963,861 1
2180 应付帐款－关系人 七 16,098,995 3 13,884,528 3 20,490,961 3
2200 其他应付款 七 16,943,901 3 12,432,106 2 9,469,817 2
2220 其他应付款项－关系人 七 1,480,221 - 1,472,658 - 558,174 -
2230 本期所得税负债 957,241 - 903,787 - 6,290,338 1
2280 租赁负债－流动 169,255 - 165,804 - 160,195 -
2320 一年或一营业期间内到期长期负债（十三） 10,233,556 2 11,045,140 2 4,550,000 1
2399 其他流动负债－其他 2,987,334 1 4,067,358 1 4,041,240 1
21XX 流动负债合计 132,563,342 23 116,950,946 21 91,138,075 15

非流动负债

2530 应付公司债 六(十二) 40,650,000 7 40,650,000 7 44,400,000 7
2540 长期借款 六(十三) 18,664,363 3 18,568,279 4 18,431,794 3
2570 遗留所得税负债 383,066 - 383,054 - 391,041 -
2580 租赁负债－非流动 806,781 - 804,249 - 819,933 -
2600 其他非流动负债 六(十四) 4,694,546 1 4,825,636 1 5,465,033 1
25XX 非流动负债合计 65,198,756 11 65,231,218 12 69,507,801 11
2XXX 负债总计 197,762,098 34 182,182,164 33 160,645,876 26

归属于母公司股东之权益

股本 六(十五) 58,611,863 10 58,611,863 11 58,611,863 10
资本公积 六(十六) 9,244,529 2 9,246,656 2 9,193,803 1
保留盈余 六(十七) 70,224,189 12 70,224,189 13 66,313,982 11
3320 特别盈余公积 76,461,277 13 76,461,277 14 70,032,921 11
3350 未分配盈余 35,069,343 6 41,405,257 7 78,206,426 13
其他权益 六(十八) 83,979,313 15 70,501,451 12 120,321,747 19
3500 基金股票 六(十五) (323,952) - (323,952) - (323,952) -
31XX 归属于母公司股东之权益合计 333,266,562 58 326,126,741 59 402,356,790 65
36XX 非控制权益 46,489,147 8 47,229,723 8 53,566,586 9
3XXX 权益总计 379,755,709 66 373,356,464 67 455,923,376 74

重大或有负债及未列示之合约 九
承销
重大之后事项 十一
3X2X 负债及权益总计 $ 577,517,807 100 $ 555,538,628 100 $ 616,569,252 100

后附合并财务报表附注为本合并财务报告之一部分，请并同参阅。

董事长：洪福源 经理人：吕文进 会计主管：郑文彦