110年3月31日

| 成本 | 備抵跌價損失 | 帳面金額 |
|------|--------------|----------|
| 原料 | $ 14,491,643 | ($ 103,570) | $ 14,388,073 |
| 物料 | 7,163,484 | ($ 556,792) | 6,606,692 |
| 在製品 | 5,522,873 | - | 5,522,873 |
| 製成品 | 13,565,423 | ($ 772,954) | 12,792,469 |
| 其他存貨 | 123,071 | ($ 73) | 122,998 |
| 总计 | $ 40,866,494 | ($ 1,433,389) | $ 39,433,105 |

1. 本集團當期認列為費損之存貨成本：

| 111年1月1日至3月31日 | 110年1月1日至3月31日 |
|------------------|------------------|
| 已出售存貨成本 | $ 85,850,869 | $ 66,927,250 |
| 存貨回升利益(註) | (160,972) | (90,104) |
| 間置產能(含歲修、停工) | 341,989 | 162,583 |
| 其他 | 179,958 | 276,633 |
| 总计 | $ 86,211,844 | $ 67,276,362 |

注：民國111年及110年1月1日至3月31日因存貨去化致產生回升利益。

2. 以存貨提供擔保之資訊，請詳附註八之說明。

(七)採用權益法之投資

| 111年3月31日 | 110年12月31日 | 110年3月31日 |
|--------------|--------------|--------------|
| 台朔重工公司 | $ 7,780,926 | $ 7,694,115 | $ 7,413,686 |
| 汎航通運公司 | 44,989 | 49,214 | 66,344 |
| 台塑汽車貨運公司 | 1,295,212 | 1,250,682 | 1,202,241 |
| 台塑石化公司 | 89,036,276 | 86,080,723 | 79,646,147 |
| 麥寮汽電公司 | 12,551,158 | 12,819,210 | 12,615,966 |
| 華亞園區顧問公司 | 3,199 | 3,195 | 3,030 |
| 台朔環保科技公司 | 229,451 | 228,831 | 227,704 |
| 台塑合成橡膠(香港)公司 | 2,139,545 | 2,182,064 | 2,260,062 |
| 台塑資源公司 | 7,092,074 | 6,860,325 | 7,051,553 |
| 台塑集團(開曼)公司 | 693,479 | 662,099 | 658,822 |
| 台塑建設公司 | 596,054 | 593,734 | 567,442 |
| 國塑塑膠公司 | 94,526 | 48,469 | - |
| FG INC. | 3,434,849 | 3,335,242 | 3,453,729 |
| 必昂國際公司 | 95,559 | 95,492 | 93,473 |
| 長春藤生命科學公司 | 182,232 | - | - |
| 福懋科技公司 | 5,279,117 | 5,152,935 | 5,155,173 |
| 南亞光電公司 | 267,699 | 290,161 | 198,105 |
| 廣越企業公司 | 1,255,610 | 1,238,353 | 1,181,486 |
| 常熟裕源公司 | 18,209 | 17,480 | 16,156 |
| Schoeller Textil AG | 1,068,082 | 1,030,378 | 1,195,444 |
| 总计 | $ 133,158,246 | $ 129,632,702 | $ 123,006,563 |