```markdown
# 長榮海運股份有限公司及子公司

## 合併資產負債表

### 民國 112 年 3 月 31 日及民國 111 年 12 月 31 日、3 月 31 日

(民國 112 年及 111 年 3 月 31 日之合併資產負債表未經經核閱，未依審計準則查核)

### 單位：新台幣仟元

### 負債及權益

#### 流動負債

| 2120 | 透過損益按公允價值衡量之 |
| --- | --- |
| 金融負債－流動 | $11,456 | - | $10,460 | - | $ | - |
| 2126 | 避險之金融負債－流動 |
| 六(十)及七 | 1,833,386 | - | 1,821,342 | - | 1,085,135 | - |
| 2130 | 合約負債－流動 |
| 六(二十三) | 6,492,718 | 1 | 7,444,311 | 1 | 19,027,923 | 3 |
| 2150 | 應付票據 | 86 | - | - | - | - |
| 2170 | 應付帳款 | 45,641,056 | 5 | 45,557,890 | 5 | 40,035,031 | 5 |
| 2180 | 應付帳款－關係人 |
| 七 | 820,365 | - | 669,815 | - | 374,657 | - |
| 2200 | 其他應付款 | 8,823,135 | 1 | 11,926,520 | 1 | 10,480,671 | 1 |
| 2220 | 其他應付款項－關係人 |
| 七 | 14,932,225 | 2 | 14,933,859 | 2 | 5,742,119 | 1 |
| 2230 | 本期所得稅負債 | 69,486,066 | 8 | 60,213,263 | 7 | 24,484,483 | 3 |
| 2280 | 租賃負債－流動 |
| 六(十)及七 | 11,080,528 | 1 | 11,152,946 | 1 | 11,168,565 | 2 |
| 2300 | 其他流動負債 |
| 六(十四)及七 | 9,804,452 | 1 | 11,148,836 | 1 | 24,204,937 | 3 |
| 21XX | 流動負債合計 | 168,925,473 | 19 | 164,879,242 | 18 | 136,603,521 | 18 |

#### 非流動負債

| 2511 | 避險之金融負債－非流動 |
| 六(十)及七 | 14,482,816 | 2 | 15,054,334 | 2 | 10,527,720 | 1 |
| 2530 | 應付公司債 |
| 六(十五) | 4,819,052 | - | 4,806,154 | - | 6,767,668 | 1 |
| 2540 | 長期借款 |
| 六(十六) | 32,504,252 | 4 | 33,373,936 | 4 | 41,146,277 | 5 |
| 2570 | 遞延所得稅負債 |
| 六(三十一) | 2,642,177 | - | 2,844,110 | - | 10,500,979 | 1 |
| 2580 | 租賃負債－非流動 |
| 六(十)及七 | 78,017,197 | 9 | 78,762,711 | 9 | 79,715,424 | 11 |
| 2600 | 其他非流動負債 |
| 六(十七) | (十八) | 5,161,583 | - | 5,241,535 | 1 | 5,197,868 | 1 |
| 25XX | 非流動負債合計 | 137,627,077 | 15 | 140,082,780 | 16 | 153,855,936 | 20 |
| 2XXX | 負債總計 | 306,552,550 | 34 | 304,962,022 | 34 | 290,459,457 | 38 |

### 歸屬於母公司業主之權益

#### 股本

| 3110 | 普通股股本 | 21,164,201 | 2 | 21,164,201 | 2 | 52,910,491 | 7 |
| 3130 | 債券換股權利證書 | - | - | - | - | 11 | - |
| 3200 | 資本公積 | 16,056,176 | 2 | 15,968,043 | 2 | 15,899,336 | 2 |
| 3310 | 法定盈餘公積 | 32,019,129 | 4 | 32,019,129 | 4 | 8,122,482 | 1 |
| 3320 | 特別盈餘公積 | 1,145,770 | - | 1,145,770 | - | 581,406 | - |
| 3350 | 未分配盈餘 | 470,603,257 | 53 | 465,562,042 | 52 | 351,915,245 | 47 |
| 3400 | 其他權益 | 12,787,352 | 1 | 16,354,844 | 2 | 7,296,570 | 1 |
| 31XX | 歸屬於母公司業主之權益 | 553,775,885 | 62 | 552,214,029 | 62 | 436,725,541 | 58 |
| 36XX | 非控制權益 | 31,380,894 | 4 | 30,336,006 | 4 | 30,705,945 | 4 |
| 3XXX | 權益總計 | 585,156,779 | 66 | 582,550,035 | 66 | 467,431,486 | 62 |

### 重大或有負債及未認列之合約

#### 承諾

#### 重大之期後事項

#### 3X2X | 負債及權益總計 | $891,709,329 | 1