```markdown
# 111年

| 電腦通 |
| --- |
| 土地 | 房屋及建築 | 機器設備 | 裝卸設備 | 訊設備 | 運輸設備 | 船舶設備 | 辦公設備 | 租賃改良 | 其他 | 合計 |

| 1月1日 |
| --- |
| 成本 | $ 863,130 | $ 6,351,358 | $ 579,400 | $ 12,167,361 | $ 1,501,627 | $ 45,098,718 | $ 159,099,975 | $ 658,483 | $ 2,466,078 | $ 80,211 | $ 228,866,341 |
| 累計折舊 | - | ( 1,350,567) | ( 481,629) | ( 8,765,261) | ( 1,235,821) | ( 14,657,349) | ( 46,974,477) | ( 510,169) | ( 968,208) | ( 19,985) | ( 74,963,466) |
| 合計 | $ 863,130 | $ 5,000,791 | $ 97,771 | $ 3,402,100 | $ 265,806 | $ 30,441,369 | $ 112,125,498 | $ 148,314 | $ 1,497,870 | $ 60,226 | $ 153,902,875 |

| 1月1日 |
| --- |
| 成本 | $ 863,130 | $ 5,000,791 | $ 97,771 | $ 3,402,100 | $ 265,806 | $ 30,441,369 | $ 112,125,498 | $ 148,314 | $ 1,497,870 | $ 60,226 | $ 153,902,875 |
| 增添 | - | 9,176 | 440 | 86,867 | 101,898 | 9,123,072 | 42,631 | 13,446 | - | 2,599 | 9,380,129 |
| 處分 | - | - | - | - | ( 24) | ( 15,550) | ( 986,905) | ( 39) | - | - | ( 1,002,518) |
| 重分類 | - | ( 929,974) | ( 18) | 203,115 | 5,244 | - | 12,712,382 | 18 | ( 605,400) | - | 11,385,367 |
| 折舊費用 | - | ( 29,664) | ( 3,862) | ( 112,987) | ( 37,403) | ( 1,022,544) | ( 1,880,326) | ( 7,927) | ( 48,329) | ( 885) | ( 3,143,927) |
| 企業合併 | 取得數 | 771,880 | 159,679 | 6,124 | - | - | - | - | 16,707 | 256 | - | 954,646 |
| 淨兌換差額 | ( 17,239) | 143,188 | 2,873 | 63,035 | 8,021 | 587,062 | 2,432,907 | 3,316 | 40,268 | 29 | 3,263,460 |
| 3月31日 | $ 1,617,771 | $ 4,353,196 | $ 103,328 | $ 3,642,130 | $ 343,542 | $ 39,113,409 | $ 124,446,187 | $ 173,835 | $ 884,665 | $ 61,969 | $ 174,740,032 |

| 3月31日 |
| --- |
| 成本 | $ 1,617,771 | $ 5,798,153 | $ 604,200 | $ 12,637,874 | $ 1,643,819 | $ 55,036,301 | $ 178,736,950 | $ 701,356 | $ 1,836,443 | $ 82,840 | $ 258,695,707 |
| 累計折舊 | - | ( 1,444,957) | ( 500,872) | ( 8,995,744) | ( 1,300,277) | ( 15,922,892) | ( 54,290,763) | ( 527,521) | ( 951,778) | ( 20,871) | ( 83,955,675) |
| 合計 | $ 1,617,771 | $ 4,353,196 | $ 103,328 | $ 3,642,130 | $ 343,542 | $ 39,113,409 | $ 124,446,187 | $ 173,835 | $ 884,665 | $ 61,969 | $ 174,740,032 |

1、合併公司就上述運輸設備，為動用授信合約額度所購置之部份，出具反面承諾書予授信銀行。

2、以不動產、廠房及設備提供擔保之資訊，請詳附註八之說明。
```