```markdown
(2) 上述 EIM、長榮保全及 EGJ 收購案所支付之對價、所取得之資產和承擔之負債在收購日之公允價值之資訊如下：

| EIM | 長榮保全 | EGJ | 小計 |
| --- | --- | --- | --- |
| 111年12月26日 | 111年4月1日 | 111年1月1日 |  |
| 收購對價 |  |  |  |  |
| 現金 | $2,341 | $192,038 | $429,597 | $623,976 |
| 先前已持有長榮保全之權益於收購日之公允價值 |  | 144,236 |  | 144,236 |
| 非控制權益占被收購者可辨認淨資產份額 | 848 | 176,019 |  | 176,867 |
|  | 3,189 | 512,293 | 429,597 | 945,079 |

取得可辨認資產及承擔

負債之公允價值

|  |  |  |  |
| --- | --- | --- | --- |
| 現金及約當現金 | 21,993 | 249,105 | 249,061 |
| 透過損益按公允價值衡量之金融資產-流動 |  |  | 14 |
| 按攤銷後成本衡量之金融資產-流動 |  | 186,010 |  | 186,010 |
| 應收票據淨額 |  | 2,195 |  | 2,195 |
| 應收帳款淨額(含關係人) | 4,421 | 86,409 | 1,002,862 | 1,093,692 |
| 其他應收款 |  | 853 | 6,236 | 7,089 |
| 預付款項 | 479 | 35,254 | 1,414 | 37,147 |
| 其他流動資產 | 12 | 25 | 77,459 | 77,496 |
| 不動產、廠房及設備 | 5,256 | 8,095 | 954,646 | 967,997 |
| 使用權資產 | 4,809 | 48,006 | 15,541 | 68,356 |
| 投資性不動產淨額 |  |  | 770,652 | 770,652 |
| 無形資產 |  | 121,680 | 45,368 | 167,048 |
| 其他非流動資產 | 291 | 1,116 | 7,662 | 9,069 |
| 遞延所得稅資產 |  | 21,577 | 7,556 | 29,133 |
| 短期借款 |  |  | (649,082) | (649,082) |
| 應付帳款(含關係人) | (5,681) | (20,555) | (599,822) | (626,058) |
| 其他應付款(含關係人) | (19,981) | (51,027) | (125,960) | (196,968) |
| 本期所得稅負債 | (3,149) | (6,889) | (42,579) | (52,617) |
| 其他流動負債 | (813) | (47,795) | (832,720) | (881,328) |
| 租賃負債-流動 | (2,028) | (18,893) | (4,560) | (25,481) |
| 遞延所得稅負債 |  | (23,737) | (128,321) | (152,058) |
| 租賃負債-非流動 | (2,781) | (29,293) | (10,982) | (43,056) |
| 其他非流動負債 |  | (95,818) | (310,985) | (406,803) |
| 可辨認淨資產總額 | 2,828 | 466,318 | 433,460 | 902,606 |
| 商譽(廉價購買利益) | $361 | $45,975 | ($3,863) | $42,473 |

7. 若假設 EMS 自民國112年1月1日即已納入合併，則合併公司民國112年1月1日至9月30日之營業收入及稅前淨利將分別增加$26,478,756及$4,987,942。
```