```markdown
# (九) 不動產、廠房及設備

|  | 土地 | 房屋及建築 | 機器設備 | 裝卸設備 | 訊設備 | 運輸設備 | 船舶設備 | 辦公設備 | 租賃改良 | 其他 | 合計 |
|---|---|---|---|---|---|---|---|---|---|---|---|
| 1月1日 | $ 2,467,396 | $ 6,660,129 | $ 494,747 | $ 13,460,779 | $ 1,860,736 | $ 63,434,939 | $ 220,960,312 | $ 793,539 | $ 1,940,703 | $ 171,969 | $ 312,245,249 |
| 累計折舊 | - | ( 1,918,109) | ( 411,095) | ( 9,590,685) | ( 1,492,957) | ( 20,717,863) | ( 65,373,806) | ( 543,982) | ( 1,107,140) | ( 24,873) | ( 101,180,510) |
|---|---|---|---|---|---|---|---|---|---|---|---|
| $ 2,467,396 | $ 4,742,020 | $ 83,652 | $ 3,870,094 | $ 367,779 | $ 42,717,076 | $ 155,586,506 | $ 249,557 | $ 833,563 | $ 147,096 | $ 211,064,739 |
| 1月1日 | $ 2,467,396 | $ 4,742,020 | $ 83,652 | $ 3,870,094 | $ 367,779 | $ 42,717,076 | $ 155,586,506 | $ 249,557 | $ 833,563 | $ 147,096 | $ 211,064,739 |
| 增添 | 538,408 | 1,378,702 | 2,549 | 71,852 | 251,480 | 5,996,046 | 1,160,246 | 75,327 | 959,903 | 56,680 | 10,491,193 |
| 處分 | - | - | ( 48) | ( 8,291) | ( 921) | ( 288,539) | - | ( 2,267) | - | - | ( 300,066) |
| 重分類 | 1,800,238 | 1,369,155 | ( 706) | 4,809,534 | 90,656 | 313,827 | 8,133,871 | 55,870 | ( 22,140) | ( 28,325) | 16,521,980 |
| 折舊費用 | - | ( 168,104) | ( 5,397) | ( 503,733) | ( 164,495) | ( 3,666,322) | ( 8,170,738) | ( 62,933) | ( 434,279) | ( 9,537) | ( 13,185,538) |
| 企業合併 | - | 53,125 | - | 1,360,149 | 35,575 | - | 26,309,549 | 8,483 | 7,712,373 | 34,600 | 35,513,854 |
| 取得數 | ( 43,713) | 230,631 | 3,832 | 190,194 | 11,812 | 1,126,034 | 7,345,080 | 3,391 | 455,154 | 2,780 | 9,325,195 |
| 淨兌換差額 | $ 4,762,329 | $ 7,605,529 | $ 83,882 | $ 9,789,799 | $ 591,886 | $ 46,198,122 | $ 190,364,514 | $ 327,428 | $ 9,504,574 | $ 203,294 | $ 269,431,357 |
| 9月30日 | $ 4,762,329 | $ 7,605,529 | $ 83,882 | $ 9,789,799 | $ 591,886 | $ 46,198,122 | $ 190,364,514 | $ 327,428 | $ 9,504,574 | $ 203,294 | $ 269,431,357 |
| 9月30日 | $ 4,762,329 | $ 9,724,860 | $ 520,421 | $ 17,738,328 | $ 2,298,487 | $ 69,736,182 | $ 267,065,637 | $ 865,079 | $ 11,005,639 | $ 242,392 | $ 383,959,354 |
| 累計折舊 | - | ( 2,119,331) | ( 436,539) | ( 7,948,528) | ( 1,706,601) | ( 23,538,060) | ( 76,701,123) | ( 537,651) | ( 1,501,065) | ( 39,099) | ( 114,527,997) |
|---|---|---|---|---|---|---|---|---|---|---|---|
| $ 4,762,329 | $ 7,605,529 | $ 83,882 | $ 9,789,800 | $ 591,886 | $ 46,198,122 | $ 190,364,514 | $ 327,428 | $ 9,504,574 | $ 203,293 | $ 269,431,357 |
```