```markdown
(5)本期合併子公司其資產、負債帳列價值如下：

|  | EMS | CCT |
|---|---|---|
| 112年7月14日 | 112年1月1日 | 小計 |
| 現金及約當現金 | $ 9,669,322 | $ 499,782 | $ 10,169,104 |
| 應收票據 | - | 2 | 2 |
| 應收帳款(含關係人) | 1,865,137 | 412,020 | 2,277,157 |
| 預付款項 | 16,361 | 571,226 | 587,587 |
| 其他應收款 | 5,321 | 442 | 5,763 |
| 存貨 | 1,015,184 | - | 1,015,184 |
| 其他流動資產 | 493,459 | 2,098 | 495,557 |
| 不動產、廠房及設備 | 26,311,366 | 9,202,488 | 35,513,854 |
| 使用權資產 | - | 963,500 | 963,500 |
| 無形資產 | - | 19,498 | 19,498 |
| 投資性不動產淨額 | 452,967 | - | 452,967 |
| 其他非流動資產 | 51,867 | 126,959 | 178,826 |
| 應付票據 | - | (209) | (209) |
| 應付帳款(含關係人) | (8,050,914) | (113,542) | (8,164,456) |
| 其他應付款(含關係人) | (1,461,041) | (1,690,172) | (3,151,213) |
| 本期所得稅負債 | (801,144) | - | (801,144) |
| 租賃負債-流動 | - | (23,593) | (23,593) |
| 其他流動負債 | - | (498,105) | (498,105) |
| 長期借款 | - | (435,673) | (435,673) |
| 租賃負債-非流動 | - | (656,102) | (656,102) |
| 其他非流動負債 | (470,463) | (36,136) | (506,599) |
| (廉價購買利益)商譽 | (4,964,222) | 44,444 | (4,919,778) |
| 小計 | $ 24,133,200 | $ 8,388,927 | $ 32,522,127 |

取得子公司價款 | $ 24,133,200 | $ 8,199,460 | $ 32,332,660 |
|---|---|---|
| 先前已持有CCT之權益於收購日公允價值 | - | (4,017,735) | (4,017,735) |
| 現金及約當現金 | (9,669,322) | (499,782) | (10,169,104) |
| 收購子公司淨現金支付數 | $ 14,463,878 | $ 3,681,943 | $ 18,145,821 |
```