光寶科技股份有限公司

民國111年及110年7月1日至9月30日以及民國111年及110年1月1日至9月30日

（僅經核閱，未依一般公認會計準則查核）

單位：新台幣仟元，惟

每股盈餘為元

| 代 碼 | 111年7月1日至9月30日 | 110年7月1日至9月30日 | 111年1月1日至9月30日 | 110年1月1日至9月30日 |
|---|---|---|---|---|
| 4110 | 銷貨收入 | $ 47,127,280 | 102 | $ 42,838,475 | 102 | $133,162,997 | 102 | $122,888,015 | 102 |
| 4190 | 減：銷貨折讓 | 885,748 | 2 | 695,691 | 1 | 2,551,497 | 2 | 2,146,851 | 2 |
| 4170 | 銷貨退回 | 67,213 | - | 279,187 | 1 | 249,928 | - | 482,200 | - |
| 4000 | 營業收入合計 | 46,174,319 | 100 | 41,863,597 | 100 | 130,361,572 | 100 | 120,258,964 | 100 |
| 5110 | 營業成本 | 37,171,651 | ( 81) | 33,779,902 | ( 81) | 105,514,836 | ( 81) | 97,463,849 | ( 81) |
| 5900 | 營業毛利 | 9,002,668 | 19 | 8,083,695 | 19 | 24,846,736 | 19 | 22,795,115 | 19 |
| 6100 | 推銷費用 | 1,489,533 | ( 3) | 1,484,330 | ( 4) | 4,463,865 | ( 3) | 4,430,991 | ( 4) |
| 6200 | 管理費用 | 1,194,848 | ( 3) | 1,086,717 | ( 3) | 3,341,126 | ( 3) | 3,396,554 | ( 3) |
| 6300 | 研究發展費用 | 1,898,963 | ( 4) | 1,557,557 | ( 4) | 5,268,752 | ( 4) | 4,468,907 | ( 4) |
| 6450 | 預期信用減損損失（附註十一及十四） | 25,132 | - | 433,537 | ( 1) | 27,518 | - | 1,069,506 | ( 1) |
| 6000 | 營業費用合計 | 4,608,476 | ( 10) | 4,562,141 | ( 11) | 13,101,261 | ( 10) | 13,365,958 | ( 11) |
| 6900 | 營業利益 | 4,394,192 | 10 | 3,521,554 | 8 | 11,745,475 | 9 | 9,429,157 | 8 |
| 7060 | 營業外收入及支出 |  |  |  |  |  |  |  |  |
| 7100 | 採用權益法認列之關聯企業利益份額（附註十四） | 2,948 | - | 10,283 | - | 11,190 | - | 7,174 | - |
| 7100 | 利息收入 | 350,669 | 1 | 187,668 | - | 735,282 | 1 | 557,880 | - |
| 7130 | 股利收入 | 3,271 | - | 3,272 | - | 6,985 | - | 3,272 | - |
| 7190 | 其他收入（附註三一） | 174,730 | - | 165,161 | - | 480,083 | - | 522,296 | - |
| 7210 | 處分不動產、廠房及設備利益 | 2,325 | - | 1,865 | - | 14,106 | - | 13,230 | - |
| 7225 | 處分投資淨（損）益 | - | - | ( 3,449) | - | - | - | 58,191 | - |
| 7230 | 外幣兌換淨（損）益 | ( 1,596,034) | ( 3) | 131,875 | - | ( 2,688,381) | ( 2) | 340,834 | - |
| 7235 | 透過損益按公允價值衡量之金融商品淨（損）益 | 2,208,078 | 5 | ( 124,365) | - | 3,039,667 | 2 | 3,912,733 | 3 |
| 7235 | 透過損益按公允價值衡量之金融商品淨益－結構性商品 | 95,883 | - | 84,151 | - | 271,864 | - | 230,841 | - |
| 7510 | 利息費用（附註二五） | ( 220,760) | ( 1) | ( 62,860) | - | ( 410,425) | - | ( 152,511) | - |
| 7590 | 什項支出 | ( 66,305) | - | ( 37,083) | - | ( 206,280) | - | ( 220,240) | - |
| 7670 | 減損損失（附註十五及十八） | ( 819) | - | ( 5,863) | - | ( 1,301) | - | ( 228,173) | - |
| 7000 | 營業外收入及支出合計 | 953,986 | 2 | 350,655 | 1 | 1,252,790 | 1 | 5,045,527 | 4 |
| 7900 | 稅前淨利 | 5,348,178 | 12 | 3,872,209 | 9 | 12,998,265 | 10 | 14,474,684 | 12 |
| 7950 | 所得稅費用（附註二六） | ( 1,096,377) |