國巨股份有限公司及其子公司, [873.0, 374.0, 1634.0, 405.0]
表, [1403.0, 467.0, 1457.0, 499.0]
合, [1051.0, 471.0, 1099.0, 503.0]
民國 111年及 110年 1月1日至 3月 31日, [712.0, 559.0, 1793.0, 600.0]
(僅經核閱,未依一般公認審計準則查核), [714.0, 663.0, 1789.0, 702.0]
單位：新台幣仟元,惟, [1645.0, 755.0, 2238.0, 801.0]
每股盈餘為元, [1820.0, 825.0, 2184.0, 864.0]
110年1月1日至3月31日, [1705.0, 948.0, 2216.0, 993.0]
(重編後並經核閱), [1769.0, 1017.0, 2170.0, 1058.0]
111年1月1日至3月31日, [1120.0, 1018.0, 1634.0, 1057.0]
%, [2124.0, 1084.0, 2186.0, 1125.0]
%, [1541.0, 1085.0, 1601.0, 1124.0]
有, [1984.0, 1088.0, 2043.0, 1122.0]
有, [1401.0, 1089.0, 1461.0, 1124.0]
代, [276.0, 1090.0, 343.0, 1129.0]
金, [1690.0, 1090.0, 1744.0, 1121.0]
 碼, [355.0, 1092.0, 427.0, 1125.0]
会, [1109.0, 1094.0, 1159.0, 1121.0]
營業收入 (附註三二), [454.0, 1154.0, 936.0, 1195.0]
100, [1529.0, 1216.0, 1626.0, 1257.0]
4100, [270.0, 1217.0, 394.0, 1258.0]
$ 28,025,982, [1713.0, 1217.0, 2019.0, 1257.0]
銷貨收入一淨額, [544.0, 1219.0, 921.0, 1257.0]
100, [2112.0, 1219.0, 2205.0, 1257.0]
$ 30,134,218, [1128.0, 1220.0, 1430.0, 1259.0]
5000, [270.0, 1343.0, 392.0, 1384.0]
營業成本（附註十二、二四, [452.0, 1345.0, 1062.0, 1387.0]
. 17,506,511, [1721.0, 1408.0, 2008.0, 1450.0]
62, [1547.0, 1409.0, 1632.0, 1452.0]
18 648 750, [1178.0, 1410.0, 1430.0, 1452.0]
及三二）, [504.0, 1411.0, 731.0, 1450.0]
63, [2134.0, 1411.0, 2207.0, 1450.0]
5900, [268.0, 1535.0, 392.0, 1576.0]
10,519,471, [1762.0, 1535.0, 2008.0, 1577.0]
38, [1545.0, 1536.0, 1630.0, 1577.0]
 37, [2126.0, 1536.0, 2207.0, 1577.0]
營業毛利, [448.0, 1537.0, 669.0, 1578.0]
 11,485,468, [1175.0, 1538.0, 1428.0, 1579.0]
營業費用(附註二四及三二), [450.0, 1662.0, 1085.0, 1704.0]
1,477,283, [1783.0, 1725.0, 2010.0, 1767.0]
6100, [270.0, 1726.0, 394.0, 1768.0]
1,568,200, [1202.0, 1727.0, 1428.0, 1769.0]
5, [1581.0, 1727.0, 1626.0, 1767.0]
5, [2161.0, 1728.0, 2207.0, 1764.0]
行銷費用, [549.0, 1729.0, 770.0, 1768.0]
1,735,235, [1203.0, 1791.0, 1431.0, 1836.0]
1,741,110, [1785.0, 1791.0, 2012.0, 1833.0]
6200, [270.0, 1792.0, 392.0, 1833.0]
管理費用, [549.0, 1792.0, 764.0, 1834.0]
6, [1581.0, 1792.0, 1624.0, 1833.0]
6, [2163.0, 1792.0, 2207.0, 1830.0]
2, [1576.0, 1856.0, 1628.0, 1898.0]
3, [2161.0, 1857.0, 2205.0, 1894.0]
6300, [268.0, 1858.0, 392.0, 1899.0]
研究發展費用, [547.0, 1858.0, 865.0, 1899.0]
749,758, [1822.0, 1858.0, 2010.0, 1897.0]
700,957, [1242.0, 1859.0, 1430.0, 1900.0]
6450, [270.0, 1925.0, 392.0, 1964.0]
預期信用減損迴轉利益, [551.0, 1926.0, 1064.0, 1964.0]
6,334 ), [1868.0, 1987.0, 2025.0, 2028.0]
5,561), [1273.0, 1989.0, 1440.0, 2030.0]
：, [1596.0, 1989.0, 1654.0, 2042.0]
(附註十一), [617.0, 1990.0, 909.0, 2029.0]
___, [2120.0, 2001.0, 2203.0, 2037.0]
6000, [268.0, 2050.0, 390.0, 2093.0]
3,961,817, [1781.0, 2052.0, 2010.0, 2093.0]
 營業費用合計, [646.0, 2054.0, 965.0, 2095.0]
3,998,831, [1200.0, 2054.0, 1426.0, 2096.0]
13, [1547.0, 2054.0, 1626.0, 2097.0]
 14, [2128.0, 2055.0, 2207.0, 2094.0]
6900, [266.0, 2178.0, 392.0, 2219.0]
6,557,654, [1785.0, 2178.0, 2006.0, 2219.0]
7,486,637, [1200.0, 2179.0, 1428.0, 2221.0]
25, [1547.0, 2180.0, 1628.0, 2222.0]
 23, [2126.0, 2180.0, 2205.0, 2219.0]
營業淨利, [448.0, 2181.0, 667.0, 2219.0]
管業外收入及支出, [450.0, 2305.0, 861.0, 2347.0]
299,835), [1818.0, 2369.0, 2033.0, 2417.0]
7050, [268.0, 2370.0, 392.0, 2411.0]
財務成本（附註二四）, [552.0, 2370.0, 1046.0, 2414.0]
235,121 ), [1206.0, 2370.0, 1457.0, 2417.0]
（1）, [1459.0, 2370.0, 1653.0, 2418.0]
1), [2157.0, 2372.0, 2225.0, 2417.0]
7060, [266.0, 2431.0, 388.0, 2476.0]
採用權益法之關聯企業, [551.0, 2437.0, 1062.0, 2476.0]
 25,888, [1845.0, 2496.0, 2004.0, 2538.0]
48,644, [1266.0, 2500.0, 1428.0, 2541.0]
及合資損益份額, [603.0, 2501.0, 963.0, 2543.0]
 l, [1591.0, 2509.0, 1620.0, 2537.0]
一, [2172.0, 2509.0, 2201.0, 2537.0]
7100, [266.0, 2562.0, 386.0, 2606.0]
232,499, [1822.0, 2563.0, 2006.0, 2605.0]
1, [2161.0, 2563.0, 2203.0, 2601.0]
1, [1578.0, 2565.0, 1622.0, 2602.0]
268,717, [1244.0, 2566.0, 1426.0, 2607.0]
利息收入, [551.0, 2567.0, 770.0, 2606.0]
租金收入(附註三二), [549.0, 2628.0, 1037.0, 2671.0]
11,290, [1849.0, 2628.0, 2008.0, 2670.0]
7110, [266.0, 2629.0, 388.0, 2671.0]
9,469, [1295.0, 2631.0, 1426.0, 2672.0]
=, [1591.0, 2638.0, 1618.0, 2667.0]
| , [2178.0, 2641.0, 2196.0, 2664.0]
7235, [268.0, 2694.0, 386.0, 2735.0]
透過損益按公允價值衡, [547.0, 2696.0, 1062.0, 2737.0]
量之金融商品淨利益, [603.0, 2759.0, 1058.0, 2804.0]
N, [1576.0, 2823.0, 1630.0, 2864.0]
108,435 ), [1824.0, 2823.0, 2023.0, 2865.0]
(損失), [626.0, 2824.0, 791.0, 2865.0]
437,590, [1244.0, 2825.0, 1426.0, 2867.0]
7020, [268.0, 2886.0, 388.0, 2930.0]
其他利益及損失（附註, [551.0, 2891.0, 1062.0, 2932.0]
634,082, [1824.0, 2952.0, 2006.0, 2996.0]
2, [2159.0, 2953.0, 2203.0, 3001.0]
39 596, [1268.0, 2955.0, 1428.0, 2998.0]
二四), [607.0, 2957.0, 733.0, 2996.0]
|, [1586.0, 2958.0, 1645.0, 3008.0]
7000, [268.0, 3017.0, 388.0, 3059.0]
誉業外收入及支出, [651.0, 3020.0, 1060.0, 3061.0]
2, [1572.0, 3082.0, 1622.0, 3128.0]
___, [2112.0, 3082.0, 2205.0, 3132.0]
合計 , [702.0, 3084.0, 822.0, 3125.0]
568 895, [1244.0, 3085.0, 1428.0, 3128.0]
495,489, [1824.0, 3086.0, 2006.0, 3125.0]
(接次頁), [291.0, 3212.0, 535.0, 3254.0]
- 6 -, [1198.0, 3338.0, 1322.0, 3377.0]
