(承前頁), [302.0, 356.0, 541.0, 404.0]
110年1月1日 至3月31日, [1703.0, 483.0, 2216.0, 532.0]
(重編後並經核閱), [1759.0, 552.0, 2164.0, 597.0]
111年1月1日至3月31日, [1117.0, 553.0, 1630.0, 595.0]
%, [2118.0, 620.0, 2188.0, 665.0]
%, [1537.0, 621.0, 1603.0, 664.0]
代 碼, [268.0, 624.0, 431.0, 668.0]
会, [1103.0, 624.0, 1173.0, 665.0]
会, [1684.0, 624.0, 1758.0, 663.0]
有, [1977.0, 624.0, 2046.0, 663.0]
有, [1395.0, 626.0, 1469.0, 664.0]
淨利歸屬於：, [448.0, 688.0, 754.0, 730.0]
8610, [266.0, 753.0, 388.0, 798.0]
6,242,293, [1182.0, 754.0, 1428.0, 798.0]
 5,005,033, [1771.0, 754.0, 2008.0, 798.0]
本公司業主, [549.0, 755.0, 812.0, 798.0]
21, [1554.0, 755.0, 1620.0, 795.0]
导, [1713.0, 755.0, 1764.0, 795.0]
ag, [1132.0, 756.0, 1186.0, 797.0]
18, [2134.0, 757.0, 2205.0, 796.0]
20,087, [1851.0, 817.0, 2008.0, 864.0]
8୧12, [266.0, 821.0, 386.0, 864.0]
共同控制下前手權益, [548.0, 821.0, 1010.0, 863.0]
1,245, [1287.0, 821.0, 1428.0, 864.0]
, [1589.0, 832.0, 1618.0, 862.0]
|, [2174.0, 832.0, 2201.0, 862.0]
_2, [2162.0, 884.0, 2212.0, 935.0]
8620, [266.0, 885.0, 388.0, 929.0]
460,781, [1824.0, 885.0, 2002.0, 929.0]
26,448, [1266.0, 887.0, 1428.0, 930.0]
非控制權益, [549.0, 888.0, 810.0, 929.0]
二, [1587.0, 897.0, 1618.0, 934.0]
$ 5,485,901, [1712.0, 945.0, 2004.0, 996.0]
_21, [1541.0, 947.0, 1620.0, 993.0]
S, [1132.0, 948.0, 1178.0, 989.0]
 20, [2124.0, 949.0, 2203.0, 993.0]
8600, [266.0, 950.0, 386.0, 994.0]
6,269,986, [1200.0, 951.0, 1426.0, 994.0]
綜合損益總額歸屬於：, [447.0, 1078.0, 952.0, 1118.0]
8710, [266.0, 1140.0, 386.0, 1184.0]
$ 10,814,862, [1130.0, 1142.0, 1428.0, 1186.0]
36, [1550.0, 1142.0, 1626.0, 1183.0]
$ 4,464,143, [1711.0, 1142.0, 2006.0, 1185.0]
本公司業主, [548.0, 1143.0, 807.0, 1184.0]
16, [2134.0, 1143.0, 2205.0, 1185.0]
17,126, [1847.0, 1204.0, 2008.0, 1248.0]
8715, [266.0, 1205.0, 388.0, 1250.0]
共同控制下前手權益, [549.0, 1206.0, 1006.0, 1251.0]
1,245, [1285.0, 1207.0, 1428.0, 1252.0]
一, [2174.0, 1221.0, 2198.0, 1245.0]
8720, [266.0, 1269.0, 388.0, 1316.0]
369,075, [1822.0, 1271.0, 2006.0, 1316.0]
33 350, [1266.0, 1272.0, 1426.0, 1317.0]
工, [2158.0, 1272.0, 2205.0, 1322.0]
非控制權益, [549.0, 1274.0, 808.0, 1315.0]
二, [1583.0, 1281.0, 1618.0, 1328.0]
_1Z, [2113.0, 1330.0, 2205.0, 1381.0]
$ 4,850,344, [1712.0, 1331.0, 2007.0, 1381.0]
$ 10,849,457, [1131.0, 1333.0, 1425.0, 1383.0]
36, [1547.0, 1333.0, 1626.0, 1379.0]
8700, [266.0, 1336.0, 386.0, 1380.0]
每股盈餘(附註二六), [448.0, 1461.0, 934.0, 1505.0]
9750, [266.0, 1524.0, 388.0, 1569.0]
6, [1711.0, 1525.0, 1764.0, 1569.0]
10.13, [1872.0, 1525.0, 2006.0, 1570.0]
11.59, [1287.0, 1527.0, 1426.0, 1573.0]
基, [549.0, 1528.0, 611.0, 1572.0]
品, [1132.0, 1528.0, 1178.0, 1572.0]
本, [698.0, 1529.0, 766.0, 1571.0]
S, [1713.0, 1584.0, 1756.0, 1629.0]
S, [1134.0, 1589.0, 1173.0, 1629.0]
9850, [266.0, 1590.0, 386.0, 1633.0]
牌, [698.0, 1590.0, 764.0, 1635.0]
9.90, [1895.0, 1592.0, 2006.0, 1635.0]
11.29, [1291.0, 1593.0, 1426.0, 1638.0]
需, [549.0, 1595.0, 611.0, 1634.0]
後附之附註係本合併財務報告之一部分。, [714.0, 2307.0, 1762.0, 2344.0]
請參閱勤業眾信聯合會計師事務所民國 111年 4 月 26 日核閱報告, [409.0, 2397.0, 2089.0, 2449.0]
會計主管:楊文翔, [1576.0, 3149.0, 2043.0, 3193.0]
董事長：陳泰銘, [270.0, 3152.0, 682.0, 3196.0]
經理人:王淡如, [921.0, 3156.0, 1324.0, 3193.0]
- 8 -, [1192.0, 3325.0, 1320.0, 3370.0]
