30 日之綜合利益總額分別為新台幣 1,567,227 仟元、341,413 仟元、4,497,318, [276.0, 355.0, 2256.0, 388.0]
仟元及 1,094,151 仟元,分別占合併綜合利益總額之 24.30%、12.24%、29.21%, [282.0, 455.0, 2254.0, 489.0]
及 10.04%。另如合併財務報告附註十四所述,民國 111年及 110年 9 月 30, [282.0, 555.0, 2256.0, 588.0]
日採用權益法之投資分別為新台幣 1,838,178 仟元及 1,689,288 仟元及其民國, [286.0, 652.0, 2244.0, 684.0]
111 年及 110年 7 月 1 日至 9 月 30 日 , 以及民國 111 年 及 110 年 1 月 1 日至, [280.0, 751.0, 2248.0, 784.0]
9 月 30 日採用權益法認列之關聯企業利益份額分別為新台幣 2,948 仟元、, [274.0, 849.0, 2242.0, 886.0]
10.283 任元、11.190 任元及 7,174 仟元、暨合併財務報告 附註三六揭露之相關, [279.0, 945.0, 2250.0, 987.0]
資訊，係以該等被投資公司同期間未經會計師核閱之財務報告為依據。, [282.0, 1047.0, 2095.0, 1083.0]
保留結論, [283.0, 1147.0, 524.0, 1181.0]
依本會計師核閱結果,除保留結論之基礎段所並部分非重要子公司及被, [403.0, 1242.0, 2248.0, 1281.0]
投資公司之財務報告倫經會計師核閱，對合併財務報告可能有所調整之影響, [282.0, 1341.0, 2250.0, 1376.0]
外，並未發現上開合併財務報告在所有重大方面有未依照證券發行人財務報, [284.0, 1441.0, 2246.0, 1474.0]
告編製準則及經金融監督管理委員會認可並發布生效之國際會計準則第 34 號, [287.0, 1535.0, 2250.0, 1572.0]
' 期中財務報導 | 編製,致無法允當表達光寶集團民國 111 年及 110 年 9 月, [299.0, 1634.0, 2244.0, 1674.0]
30 日之合併財務狀況,暨民國 111年及 110年 7 月 1日至 9 月 30 日，以及民, [278.0, 1732.0, 2252.0, 1766.0]
國 111 年及 110 年 1 月 1 日至 9 月 30 日之合併財務績效及合併現金流量之情, [291.0, 1831.0, 2248.0, 1866.0]


, [293.0, 1932.0, 386.0, 1964.0]
勤業眾信聯合會計師事務所, [287.0, 2307.0, 985.0, 2344.0]
能, [1481.0, 2393.0, 1543.0, 2427.0]
书, [1392.0, 2395.0, 1436.0, 2426.0]
, [1944.0, 2398.0, 1986.0, 2429.0]
會, [295.0, 2403.0, 336.0, 2437.0]
书, [384.0, 2403.0, 429.0, 2434.0]
金融監督管理委員會核准文號, [1304.0, 2743.0, 1967.0, 2786.0]
金融監督管理委員會核准文號, [291.0, 2744.0, 951.0, 2788.0]
金管證審字第 1010028123 號, [1359.0, 2810.0, 2095.0, 2848.0]
金管證審字第 1020025513 號, [349.0, 2813.0, 1080.0, 2847.0]
10, [1550.0, 3151.0, 1636.0, 3193.0]
111, [1101.0, 3153.0, 1225.0, 3194.0]
28, [1977.0, 3153.0, 2056.0, 3192.0]
年, [1361.0, 3154.0, 1415.0, 3192.0]
月, [1779.0, 3157.0, 1824.0, 3194.0]
中, [301.0, 3159.0, 341.0, 3192.0]
民, [702.0, 3159.0, 754.0, 3196.0]
日, [2201.0, 3159.0, 2240.0, 3190.0]
能, [502.0, 3161.0, 549.0, 3193.0]
成, [905.0, 3162.0, 952.0, 3194.0]
