(七)採用權益法之投資

112年3月31日 111年12月31日 111年3月31日

臺朔重工公司 $ 6,986,633 $ 7,262,143 $ 7,780,926

汎航通運公司 24,818 23,479 44,989

臺塑汽車貨運公司 1,269,009 1,251,101 1,295,212

臺塑石化公司 75,845,981 75,322,255 89,036,276

麥寮汽電公司 10,647,768 9,767,776 12,551,158

華亞園區顧問公司 4,149 4,140 3,199

臺朔環保科技公司 232,861 231,886 229,451

臺塑合成橡膠(香港)公司 1,808,291 1,851,242 2,139,545

臺塑資源公司 7,537,901 7,703,818 7,092,074

臺塑集團(開曼)公司 779,445 766,965 693,479

臺塑建設公司 566,272 565,507 596,054

國塑塑膠公司 67,319 71,371 94,526

FG INC. 3,624,380 3,654,792 3,434,849

臺塑新智能科技公司 1,000,947 1,000,799 -

必昂國際公司 96,007 96,117 95,559

長春藤生命科學公司 - - 182,232

臺塑鋰鐵材料科技公司 89,832 92,603 -

福懋科技公司 5,394,601 5,278,947 5,279,117

南亞光電公司 195,695 190,818 267,699

廣越企業公司 1,413,937 1,429,538 1,255,610

Schoeller Textil AG 1,062,185 1,096,100 1,068,082

常熟裕源公司 - - 18,209

$ 118,648,031 $ 117,661,397 $ 133,158,246

1. 關聯企業

(1)本集團重大關聯企業之基本資訊如下：

公司名稱：臺塑石化公司
主要營業場所：臺灣
持股比率：24.15%
112年3月31日：24.15%
111年12月31日：24.15%
111年3月31日：24.15%
關係之性質：權益法之投資個體
衡量方法：權益法