3. 現金流量避險

現金流量避險準備
1月1日 ($ 52,476) $ 16,894
認列於其他綜合損益之有效避險損益 272,428 (82,632)
因被避險項目已影響損益而重分類至損益 (45,559) (207)
認列於其他綜合損益之有效避險相關之所得稅 (52,237) 17,284
9月30日 $ 122,156 (48,661)

本集團為規避短期借款所暴露之匯率及利率風險影響，承作換匯換利合約，避險工具之公允價值變動屬有效避險部分，將遞延認列於其他綜合損益項下之現金流量避險準備，於被避險項目後續支付本金或利息時，直接納入外幣兌換損益及財務成本。

(五)應收票據及帳款淨額(含關係人)

111年9月30日 110年12月31日 110年9月30日
應收票據 $ 3,291,010 $ 2,063,891 $ 3,000,032
應收分期票據 9,048,717 8,333,934 8,297,975
應收帳款 6,719,356 5,266,711 5,766,428
應收分期帳款 217,156,023 178,995,777 166,564,650
應收租賃款及票據 28,023,115 24,394,947 22,069,480
應收保費 669,624 751,027 675,297
催收款項 39,013 37,523 66,981
264,946,858 219,843,810 206,440,843
減：未實現利息收入 (25,822,297) (19,093,881) (17,471,775)
未賺得融資收益 (2,686,969) (2,349,549) (2,198,886)
備抵損失 (4,480,352) (3,782,588) (3,626,253)
應收票據及帳款淨額 $ 231,957,240 $ 194,617,792 $ 183,143,929

111年9月30日 110年12月31日 110年9月30日
流動 $ 225,235,190 $ 190,535,009 $ 179,562,347
非流動(表列其他資產) $ 6,722,050 $ 4,082,783 $ 3,581,582

子公司和潤企業民國 111 年 9 月 30 日、110 年 12 月 31 日及 110 年 9 月 30 日應收票據分別計$6,054,587、$5,349,850 及$5,181,384 業已質押於銀行供作借款及發行商業本票之副擔保，請詳附註入。