### 财务报告

#### 合并损益表
**单位：新台币仟元**
**（除每股盈余为新台币元外）**

| 项目 | 111年7月1日至9月30日 | 110年7月1日至9月30日 | 111年1月1日至9月30日 | 110年1月1日至9月30日 |
|------|----------------------|----------------------|----------------------|----------------------|
| 4000 營業收入 | $ 29,772,018 | $ 28,954,850 | $ 90,027,673 | $ 78,134,679 |
| 5000 營業成本 | ( 15,468,231) | ( 13,715,678) | ( 44,892,807) | ( 39,417,341) |
| 5950 營業毛利淨額 | 14,303,787 | 15,239,172 | 45,134,866 | 38,717,338 |
| 6100 推銷費用 | ( 1,293,284) | ( 1,160,994) | ( 3,848,815) | ( 3,305,249) |
| 6200 管理費用 | ( 1,029,026) | ( 1,018,000) | ( 3,129,899) | ( 2,493,861) |
| 6300 研究發展費用 | ( 7,947,938) | ( 7,702,477) | ( 24,192,651) | ( 20,264,179) |
| 6450 預期信用減損利益(損失) | 2,397 | - | ( 9,789) | - |
| 6000 營業費用合計 | ( 10,267,851) | ( 9,886,029) | ( 31,181,154) | ( 26,070,457) |
| 6900 營業利益 | 4,035,936 | 5,353,143 | 13,953,712 | 12,646,881 |
| 7100 利息收入 | 361,657 | 69,555 | 689,725 | 248,578 |
| 7010 其他收入 | 109,395 | 72,132 | 217,085 | 141,367 |
| 7020 其他利益及損失 | ( 29,994) | ( 377,797) | ( 41,975) | ( 192,542) |
| 7050 財務成本 | ( 83,378) | ( 22,752) | ( 136,344) | ( 73,537) |
| 7060 採用權益法認列之關聯企業及合資損益之份額 | ( 3,222) | ( 1,921) | ( 14,503) | ( 10,514) |
| 7000 營業外收入及支出合計 | 354,458 | 1 ( 260,783) | 1 713,988 | 1 113,352 |
| 7900 稅前淨利 | 4,390,394 | 5,092,360 | 14,667,700 | 12,760,233 |
| 7950 所得稅費用 | ( 183,357) | ( 204,490) | ( 597,251) | - ( 512,899) |
| 8200 本期淨利 | $ 4,207,037 | $ 4,887,870 | $ 14,070,449 | $ 12,247,334 |

#### 附註
- 项目4000至5950的附註：六(二十一)及七
- 项目6100至6450的附註：六(二十六)(二十七)及七
- 项目6900至7950的附註：六(二十八)

#### 本期淨利
- 111年7月1日至9月30日：$ 4,207,037
- 110年7月1日至9月30日：$ 4,887,870
- 111年1月1日至9月30日：$ 14,070,449
- 110年1月1日至9月30日：$ 12,247,334

#### （續次頁）
- 8-