### 资本公积

| 项目 | 112年9月30日 | 111年12月31日 | 111年9月30日 |
|------|--------------|---------------|--------------|
| 股票发行溢价 | $ 53,366,704 | $ 53,366,704 | $ 44,172,747 |
| 公司债转换溢价 | 10,539,771 | 10,539,771 | 10,539,771 |
| 储藏股票交易 | 169,861 | 186,289 | 186,289 |
| 受赠资产 | 31,537 | 31,537 | 31,537 |
| 失效认股权 | 50,673 | 36,879 | 36,879 |
| 认股权执行 | 22,347 | 22,347 | 22,347 |
| 唯得用以弥补亏损（注2） | 135,469 | 179,578 | 152,526 |
| 子公司股东未领取之股利 | 2,510 | 2,510 | 2,510 |
| 不得作为任何用途 | 1,337,823 | 1,337,823 | 1,337,823 |
| 股权净值之变动数 | 282,711 | 282,427 | 334,674 |
| 总计 | $ 65,939,406 | $ 65,985,865 | $ 56,817,103 |

注1：此类资本公积得用以弥补亏损，亦得于公司无亏损时，用以发放现金或拨充股本，惟拨充股本时每年以实收股本之一定比率为限。

注2：此类资本公积係本公司未实际取得或处分子公司股权，而因子公司权益变动认列之权益交易影响数，或本公司认权益法认列子公司资本公积之调整数。

### 保留盈余及股利政策

依本公司章程之盈余分派政策规定，每年决算所得净利，除依法提缴所得税，弥补累积亏损，次提拨10%为法定盈余公积，加计累积未分配盈余，必要时得依相关法令规定提拨或回转特别盈余公积或酌予保留盈余后，就其余额于分派特别股股息后，再予分派普通股股利，分派比率由董事会拟订盈余分派案提请股东会决议。本公司章程规定员工及董事酬劳分派政策，参阅附注二四（本期净利）之（三）员工酬劳及董事酬劳。