### 财务报告

#### 1. 流动资产
| 代 码 | 资 产 | 112年3月31日 | 111年12月31日 | 111年3月31日 |
|------|------|--------------|---------------|--------------|
| 1100 | 现金及约当现金（附注六） | $1,385,232,810 | $1,342,814,083 | $1,151,589,646 |
| 1110 | 透过损益按公允价值衡量之金融资产（附注七） | 982,014 | 1,070,398 | 758,452 |
| 1120 | 透过其他综合损益按公允价值衡量之金融资产（附注八） | 129,541,034 | 122,998,543 | 120,995,765 |
| 1136 | 按摊销后成本衡量之金融资产（附注九） | 73,428,595 | 94,600,219 | 8,425,386 |
| 1139 | 避险之金融资产（附注十） | 70 | 2,329 | 286,824 |
| 1170 | 應收票据及帐款净额（附注十一） | 147,715,125 | 229,755,887 | 212,846,891 |
| 1180 | 應收關係人款項（附注三二） | 332,554 | 1,583,958 | 581,010 |
| 1210 | 其他應收關係人款項（附注三二） | 76,608 | 68,975 | 58,165 |
| 1310 | 存貨（附注十二） | 216,067,981 | 221,149,148 | 200,118,682 |
| 1476 | 其他金融资产（附注三三） | 26,007,016 | 25,964,428 | 16,243,656 |
| 1479 | 其他流动资产 | 16,343,714 | - | 10,333,155 |
| 11XX | 流动资产合计 | 1,995,727,521 | 2,052,896,744 | 1,722,237,632 |

#### 2. 非流动资产
| 代 码 | 资 产 | 112年3月31日 | 111年12月31日 | 111年3月31日 |
|------|------|--------------|---------------|--------------|
| 1517 | 透过其他综合损益按公允价值衡量之金融资产（附注八） | 6,918,090 | - | 6,011,937 |
| 1535 | 按摊销后成本衡量之金融资产（附注九） | 34,512,468 | 35,127,215 | 15,605,898 |
| 1550 | 採用權益法之投資（附注十三） | 28,483,064 | 27,641,505 | 24,119,008 |
| 1600 | 不動產、廠房及設備（附注十四） | 2,833,396,892 | 2,693,836,970 | 2,104,330,654 |
| 1755 | 使用權資產（附注十五） | 42,018,656 | 41,914,136 | 32,922,146 |
| 1780 | 無形資產（附注十六） | 24,296,839 | 25,999,155 | 25,620,051 |
| 1840 | 遞延所得稅資產（附注四） | 68,775,652 | 69,185,842 | 53,903,541 |
| 1920 | 存出保證金 | 4,218,206 | 4,467,022 | 4,073,354 |
| 1990 | 其他非流动资产 | 7,496,960 | - | 3,852,446 |
| 15XX | 非流动资产合计 | 3,050,116,827 | 2,911,882,134 | 2,270,439,035 |

#### 3. 资 产 总 計
| 代 码 | 资 产 | 112年3月31日 | 111年12月31日 | 111年3月31日 |
|------|------|--------------|---------------|--------------|
| 1XXX | 资 产 总 計 | $5,045,844,348 | $4,964,778,878 | $3,992,676,667 |

#### 4. 负 债 及 權 益
| 代 码 | 负 债 及 權 益 | 112年3月31日 | 111年12月31日 | 111年3月31日 |
|------|--------------|--------------|---------------|--------------|
| 2100 | 短期借款（附注十七及三十） | $ - | - | $ 144,550,897 | 4 |
| 2120 | 透过损益按公允价值衡量之金融負債（附注七） | 620,967 | - | 116,215 | - |
| 2126 | 避险之金融負債（附注十） | 39,108 | - | 813 | - |
| 2170 | 應付帳款 | 46,302,185 | 54,879,708 | 48,653,183 | 1 |
| 2180 | 應付關係人款項（附注三二） | 1,079,764 | 1,642,637 | 1,450,896 | - |
| 2201 | 應付薪資及獎金 | 24,518,981 | 36,435,509 | 21,077,111 | 1 |
| 2206 | 應付員工酬勞及董事酬勞（附注二八） | 74,158,512 | 61,748,574 | 48,766,534 | 3 |
| 2213 | 應付工程及設備款 | 157,374,807 | 213,499,613 | 122,915,512 | 4 |
| 2216 | 應付現金股利（附注二十） | 142,617,093 | 142,617,093 | 142,617,093 | 4 |
| 2230 | 本期所得稅負債（附注四） | 15