### 财务报告

#### 合并损益表
**单位：新台币仟元，每股盈余为元**

| 项目 | 112年1月1日至3月31日 | 111年1月1日至3月31日 |
|------|----------------------|----------------------|
| 4100 | 销货收入－净额       | $ 26,095,544         | $ 30,134,218         |
| 5000 | 研发费用             | 17,483,183           | 18,648,750           |
| 5900 | 研发费用             | 8,612,361            | 11,485,468           |
| 6100 | 行销费用             | 1,419,352            | 1,568,200            |
| 6200 | 管理费用             | 1,585,625            | 1,735,235            |
| 6300 | 研发费用             | 681,528              | 700,957              |
| 6450 | 预期信用减损损失（转回利益） | 5,383                | -                    |
| 6000 | 研发费用             | 3,691,888            | 3,998,831            |
| 6900 | 研发费用             | 4,920,473            | 7,486,637            |
| 7050 | 财务成本（附注二四） | (438,187)            | (2)                  |
| 7060 | 采用权益法之关联企业及合营损益份额 | (24,759)            | -                    |
| 7100 | 利息收入             | 606,960              | 268,717              |
| 7110 | 租金收入（附注三二） | 6,942                | 9,469                |
| 7235 | 透过损益按公允价值衡量之金融商品净利益 | 134,395              | 437,590              |
| 7020 | 其他利益及损失（附注二四） | 228,896              | 42,986               |
| 7000 | 研发费用             | 514,247              | 568,895              |

#### 财务报告
**单位：新台币仟元，每股盈余为元**

| 项目 | 112年1月1日至3月31日 | 111年1月1日至3月31日 |
|------|----------------------|----------------------|
| 4100 | 销货收入－净额       | $ 26,095,544         | $ 30,134,218         |
| 5000 | 研发费用             | 17,483,183           | 18,648,750           |
| 5900 | 研发费用             | 8,612,361            | 11,485,468           |
| 6100 | 行销费用             | 1,419,352            | 1,568,200            |
| 6200 | 管理费用             | 1,585,625            | 1,735,235            |
| 6300 | 研发费用             | 681,528              | 700,957              |
| 6450 | 预期信用减损损失（转回利益） | 5,383                | -                    |
| 6000 | 研发费用             | 3,691,888            | 3,998,831            |
| 6900 | 研发费用             | 4,920,473            | 7,486,637            |
| 7050 | 财务成本（附注二四） | (438,187)            | (2)                  |
| 7060 | 采用权益法之关联企业及合营损益份额 | (24,759)            | -                    |
| 7100 | 利息收入             | 606,960              | 268,717              |
| 7110 | 租金收入（附注三二） | 6,942                | 9,469                |
| 7235 | 透过损益按公允价值衡量之金融商品净利益 | 134,395              | 437,590              |
| 7020 | 其他利益及损失（附注二四） | 228,896              | 42,986               |
| 7000 | 研发费用             | 514,247              | 568,895              |

#### 财务报告
**单位：新台币仟元，每股盈余为元**

| 项目 | 112年1月1日至3月31日 | 111年1月1日至3月31日 |
|------|----------------------|----------------------|
| 4100 | 销货收入－净额       | $ 26,095,544         | $ 30,134,218         |
| 5000 | 研发费用             | 17,483,183           | 18,648,750           |
| 5900 | 研发费用             | 8,612,361            | 11,485,468           |
| 6100 | 行销费用             | 1,419,352            | 1,568,200            |
| 6200 | 管理费用             | 1,585,625            | 1,735,235            |
| 6300 | 研发费用             | 681,528              | 700,957              |
| 6450 | 预期信用减损损失（转回利益） | 5,383                | -                    |
| 6000 | 研发费用             | 3,691,888            | 3,998,831            |
| 6900 | 研发费用             | 4,920,473            | 7,486,637            |
| 7050 | 财务成本（附注二四） | (438,187)            | (2)                  |
| 7060 | 采用权益法之关联企业及合营损益份额 | (24,759)            | -                    |
| 7100 | 利息收入             | 606,960              | 268,717              |
| 7110 | 租金收入（附注三二） | 6,942                | 9,469                |
| 7235 | 透过损益按公允价值衡量之金融商品净利益 | 134,395              | 437,590              |
| 7020 | 其他利益及损失（附注二四） | 228,896              | 42,986               |
| 7000 | 研发费用             | 514,247              | 568,895              |

#### 财务报告
**单位：新台币仟元，每股盈余为元**

| 项目 | 112年1月1日至3月31日 | 111年1月1日至3月31日 |
|------|----------------------|----------------------|
| 4100 |