### 财务报告文本输出

#### 1. 资产负债表
单位：新台币千元

| 项目 | 112年3月31日 | 111年12月31日 | 111年3月31日 |
|------|--------------|---------------|--------------|
| 现金及现金等价物 | $ 33,792,732 | $ 23,969,128 | $ 16,787,328 |
| 透支损益 | 2,476,070 | 2,610,451 | 4,022,733 |
| 透支其他综合损益 | 5,149,686 | 6,228,593 | 5,214,826 |
| 透支之金融资产－流动（附注九） | 2,883,238 | 1,483,163 | 1,615,644 |
| 合约资产－流动（附注二十四） | 7,717,236 | 8,298,068 | 9,316,888 |
| 应收票据（附注十） | 2,013,721 | 2,241,592 | 2,300,682 |
| 应收票据－关系人（附注十及三十） | 557 | 13,185 | 13,185 |
| 应收帐款净额（附注十） | 13,583,239 | 15,519,834 | 14,387,654 |
| 应收帐款－关系人（附注十及三十） | 74,457 | 416,810 | 1,196,833 |
| 其他应收款（附注三十） | 3,506,014 | 4,118,509 | 1,929,252 |
| 本期所得税资产 | 668,470 | 628,373 | 647,037 |
| 存货（附注十一） | 146,577,769 | 129,532,646 | 122,812,021 |
| 待出售非流动资产 | 81,226 | 315,557 | 235,154 |
| 其他金融资产－流动（附注十三及三十一） | 9,068,658 | 10,152,556 | 9,516,588 |
| 其他流动资产 | 7,270,222 | 4,499,511 | 4,919,442 |
| 流动资产合计 | 235,763,374 | 210,015,348 | 193,918,277 |

#### 2. 非流动资产
| 项目 | 112年3月31日 | 111年12月31日 | 111年3月31日 |
|------|--------------|---------------|--------------|
| 透过损益按公允价值衡量之金融资产－非流动（附注七） | 823,963 | 921,949 | 980,979 |
| 透过其他综合损益按公允价值衡量之金融资产－非流动（附注八） | 52,288,444 | 53,673,631 | 57,315,198 |
| 透过其他综合损益按公允价值衡量之金融资产－非流动（附注八） | 898,768 | 224 | 4,893 |
| 透过其他综合损益按公允价值衡量之金融资产－非流动（附注八） | 15,336,216 | 13,419,640 | 13,517,552 |
| 透过其他综合损益按公允价值衡量之金融资产－非流动（附注八） | 371,664,231 | 370,663,701 | 374,447,690 |
| 透过其他综合损益按公允价值衡量之金融资产－非流动（附注八） | 12,554,609 | 12,488,317 | 12,553,521 |
| 透过其他综合损益按公允价值衡量之金融资产－非流动（附注八） | 9,387,389 | 9,438,554 | 9,462,822 |
| 透过其他综合损益按公允价值衡量之金融资产－非流动（附注八） | 1,370,657 | 1,478,279 | 1,520,344 |
| 透过其他综合损益按公允价值衡量之金融资产－非流动（附注八） | 8,835,820 | 8,881,613 | 7,500,270 |
| 透过其他综合损益按公允价值衡量之金融资产－非流动（附注八） | 1,049,737 | 1,104,101 | 983,221 |
| 透过其他综合损益按公允价值衡量之金融资产－非流动（附注八） | 3,221,704 | 3,012,629 | 3,112,680 |
| 透过其他综合损益按公允价值衡量之金融资产－非流动（附注八） | 3,223,283 | 2,896,983 | 2,922,629 |
| 非流动资产合计 | 480,445,821 | 477,979,621 | 484,321,799 |

#### 3. 资产总计
| 项目 | 112年3月31日 | 111年12月31日 | 111年3月31日 |
|------|--------------|---------------|--------------|
| 1XXX | $ 716,209,195 | $ 687,994,969 | $ 678,240,076 |

#### 4. 负债及所有者权益
| 项目 | 112年3月31日 | 111年12月31日 | 111年3月31日 |
|------|--------------|---------------|--------------|
| 流动负债 | $ 63,963,898 | $ 33,061,226 | $ 31,183,122 |
| 短期借款及银行透支（附注十七及三十一） | 42,356,547 | 15,836,410 | 25,996,064 |
| 担保短期借款（附注十七） | 3,784 | - | 780 |
| 透支损益按公允价值衡量之金融负债－流动（附注七） | 394,834 | - | 1,283,279 |
| 透支损益按公允价值衡量之金融负债－流动（附注七） | 4,699,464 | 5,385,147 | 7,022,612 |
| 透支损益按公允价值衡量之金融负债－流动（附注七） | 1,747,489 | 1,570,913 | 1,326,246 |
| 透支损益按公允价值衡量之金融负债－流动（附注七） | 18,494,398 | 22,235,715 | 2