# 财务报告分析

## 财务数据提取

### 表格数据

| 项目 | 112年3月31日 | 111年12月31日 | 111年3月31日 |
|------|--------------|---------------|--------------|
| 现金及现金等价物 | $ 77,674,551 | $ 91,065,529 | $ 68,517,225 |
| 透支按公允价值计量的金融资产（附注七） | 8,838,567 | 2,799,938 | 7,630,388 |
| 按摊销后成本计量的金融资产（附注九） | - | - | 3,210 |
| 合约资产（附注二四） | 464,841 | 484,791 | 585,370 |
| 应收票据 - 持额（附注十一） | 729,684 | 609,573 | 625,284 |
| 应收账款 - 持额（附注十一） | 30,422,894 | 38,127,682 | 38,098,764 |
| 应收账款 - 关联方（附注三一） | - | - | 12,035 |
| 其他应收账款（附注十一） | 3,360,767 | 1,562,769 | 1,009,242 |
| 其他应收账款 - 关联方（附注三一） | 3,646 | 17,710 | - |
| 存货 - 持额（附注十二） | 25,366,149 | 27,747,465 | 31,307,062 |
| 其他流动资产（附注十九） | 2,608,235 | 2,537,757 | 2,813,798 |
| 流动资产总计 | 149,469,331 | 164,953,214 | 150,602,378 |

| 项目 | 112年3月31日 | 111年12月31日 | 111年3月31日 |
|------|--------------|---------------|--------------|
| 透支按公允价值计量的金融资产（附注七） | 1,523,915 | 1,462,668 | 1,114,359 |
| 透支按公允价值计量的金融资产（附注八） | 2,085,088 | 1,985,324 | 2,088,578 |
| 按摊销后成本计量的金融资产（附注九） | 656,622 | 465,790 | 291,604 |
| 采用权益法之投资（附注十四） | 1,894,030 | 1,888,176 | 1,904,643 |
| 不动产、厂房及设备 - 持额（附注十五及三一） | 18,657,141 | 19,078,678 | 19,313,388 |
| 使用权资产 - 持额（附注十六） | 1,807,842 | 1,648,994 | 1,732,553 |
| 投资性不流动资产 - 持额（附注十七） | 1,232,873 | 1,236,643 | 1,286,816 |
| 无形资产 - 持额（附注十八） | 3,677,615 | 3,692,521 | 3,667,019 |
| 预提所得税资产 | 2,744,174 | 2,804,527 | 3,557,706 |
| 存出保证金 | 263,471 | 350,419 | 277,771 |
| 持续确定福利资产（附注二二） | 115,586 | 107,332 | 40,958 |
| 其他非流动资产（附注十九） | 106,813 | 107,451 | 103,765 |
| 非流动资产总计 | 34,765,170 | 34,828,523 | 35,379,160 |

| 项目 | 112年3月31日 | 111年12月31日 | 111年3月31日 |
|------|--------------|---------------|--------------|
| 短期借款（附注二十） | $ 20,840,005 | $ 32,628,984 | $ 27,303,888 |
| 透支按公允价值计量的金融负债（附注七） | 146,185 | 253,441 | 477,633 |
| 合约负债（附注二四） | 47,403 | 79,782 | 233 |
| 应付票据 | 48 | 59 | 13 |
| 应付账款 | 37,828,276 | 44,883,340 | 44,646,325 |
| 应付账款 - 关联方（附注三一） | 1,696 | 15,842 | 707 |
| 其他应付账款 | 30,042,224 | 22,630,490 | 26,245,897 |
| 其他应付账款 - 关联方（附注三一） | 11,635 | 19,378 | 493 |
| 本期所得税负债 | 6,127,494 | 5,609,887 | 7,471,418 |
| 负债准备（附注二一） | 1,103,293 | 1,125,550 | 1,118,782 |
| 租赁负债（附注十六） | 386,070 | 359,221 | 426,057 |
| 预收款项 | 4,427,504 | 4,175,135 | 3,305,947 |
| 流动负债总计 | 100,961,833 | 111,781,109 | 110,997,393 |

| 项目 | 112年3月31日 | 111年12月31日 | 111年3月31日 |
|------|--------------|---------------|--------------|
| 长期借款（附注二十） | 3,000,000 | 3,000,000 | - |
| 预提所得税负债 | 1,904,408 | 2,212,812 | 1,915,754 |
| 租赁负债（附注十六） | 839,894 | 691,734 | 722,289 |
| 存入保证金 | 127,199 | 108,955 | 146,614 |
| 非流动负债总计 | 5,871,501 | 6,013,501 | 2,784,657 |

| 项目 | 112年3月31日 | 111