### 部门收入与营运结果

本集团继续营业单位之收入与营运结果依应报告部门分析如下：

| 项目 | 111年7月1日至9月30日 | 111年1月1日至9月30日 | 110年7月1日至9月30日 | 110年1月1日至9月30日 |
|------|----------------------|----------------------|----------------------|----------------------|
| 個人家庭 | | | | |
| 行動服務 | $ 13,048,474 | $ 12,384,115 | $ 38,511,014 | $ 36,612,768 |
| 固網服務 | 10,730,125 | 10,726,077 | 32,056,360 | 31,652,448 |
| 銷貨收入 | 8,316,824 | 7,890,805 | 24,785,402 | 24,343,395 |
| 其他 | 738,662 | 617,089 | 1,721,422 | 1,532,992 |
| 總計 | $ 32,834,085 | $ 31,618,086 | $ 97,074,198 | $ 94,141,603 |
| 企業客戶 | | | | |
| 固網服務 | 8,705,661 | 8,884,540 | 25,866,237 | 26,053,802 |
| 專案業務 | 5,254,336 | 4,759,628 | 15,322,689 | 13,462,484 |
| 行動服務 | 2,223,347 | 2,206,262 | 6,675,099 | 6,251,704 |
| 其他 | 1,202,381 | 697,799 | 3,085,128 | 2,493,222 |
| 總計 | $ 17,385,725 | $ 16,548,229 | $ 50,949,153 | $ 48,261,212 |

（接次页）

- 79 -