### 三十五、部门资讯

提供给主要营运决策者用以分配资源及评量部门绩效之资讯，由于实际资源分配上仍著重在钢铁事业，其他非钢铁事业之资源投入主要由各公司自行决策，且主要为钢铁事业延伸之需求。本公司及子公司之应报告部门如下：

- 钢铁部门－包括中钢公司、中龙公司、中鸿公司、中马公司、CSV C及 CSCI，主要从事钢铁制品之制造及销售。
- 非钢铁部门－其他从事钢铁生产之延伸或辅助性事业者，依职能主要可分为工程、工业材料、绿能、海运、贸易、投资等事业。

### (一) 部门收入与营运结果

本公司及子公司之收入及营运结果依应报告部门分析如下：

| 项目 | 112年1月1日至9月30日 | 111年1月1日至9月30日 |
|------|----------------------|----------------------|
| 钢铁部门 | 非钢铁部门 | 调整及冲销 | 合计 |
| 112年1月1日至9月30日 | | | |
| 来自外部客户收入 | $217,430,415 | $57,501,835 | $ - | $274,932,250 |
| 部门间收入 | 48,931,273 | 43,961,878 | (92,893,151) | - |
| 部门收入 | $266,361,688 | $101,463,713 | $ (92,893,151) | $274,932,250 |
| | | | |
| 部门利益(损失) | $ (5,839,610) | $ 7,911,762 | $ (1,153,908) | $ 918,244 |
| 利息收入 | 299,994 | 395,364 | (82,553) | 612,805 |
| 财务成本 | (1,992,108) | (881,310) | 162,768 | (2,710,650) |
| 接用权益法认列之关联企业损益份额 | 445,598 | 2,469,576 | (2,376,021) | 539,153 |
| 其他营业外收入及支出 | 1,475,749 | 1,605,515 | (602,824) | 2,478,440 |
| 税前净利(损失) | (5,610,377) | 11,500,907 | (4,052,538) | 1,837,992 |
| 所得税费用(利益) | (317,233) | 1,422,480 | (138,906) | 966,341 |
| 本期净利(损失) | $ (5,293,144) | $ 10,078,427 | $ (3,913,632) | $ 871,651 |
| | | | |
| 111年1月1日至9月30日 | | | |
| 来自外部客户收入 | $282,191,222 | $71,999,062 | $ - | $354,190,284 |
| 部门间收入 | 70,760,395 | 51,321,822 | (122,082,217) | - |
| 部门收入 | $352,951,617 | $123,320,884 | $ (122,082,217) | $354,190,284 |
| | | | |
| 部门利益 | $ 18,154,825 | $ 9,016,213 | $ (1,927,294) | $ 25,243,744 |
| 利息收入 | 138,389 | 142,538 | (44,486) | 236,441 |
| 财务成本 | (1,178,379) | (537,533) | 120,286 | (1,595,626) |
| 接用权益法认列之关联企业损益份额 | 11,266,978 | 4,165,145 | (14,036,397) | 1,395,726 |
| 其他营业外收入及支出 | 1,651,906 | 3,510,219 | 5,910 | 5,168,035 |
| 税前净利 | 30,033,719 | 16,296,582 | (15,881,981) | 30,448,320 |
| 所得税费用 | 4,590,384 | 1,685,006 | 183,998 | 6,459,388 |
| 本期净利 | $ 25,443,335 | $ 14,611,576 | $ (16,065,979) | $ 23,988,932 |

### 部门间销货係依市价或成本加成等计价。

- 77 -