```markdown
# 統一企業股份有限公司及子公司

## 民國111年9月30日及民國110年12月31日、9月30日

(民國111年及110年9月30日之合併資產負債表後附註，未依一般公認審計準則查核)

### 單位：新台幣仟元

| 負債及權益 | 附註 | 111年9月30日 | 110年12月31日 | 110年9月30日 |
| --- | --- | --- | --- | --- |
| 流動負債 |  |  |  |  |
| 2100 | 短期借款 | 六(十六)及八 | $43,092,029 | $24,530,062 | $23,603,308 |
| 2110 | 應付短期票券 | 六(十七)及八 | 6,673,457 | 11,178,763 | 7,283,183 |
| 2120 | 透過損益按公允價值衡量之金融負債－流動 | 六(二) | - | 4,093 | 423 |
| 2130 | 合約負債－流動 | 六(二十六) | 10,629,965 | 19,221,275 | 10,339,065 |
| 2150 | 應付票據 | - | 1,288,170 | 1,965,111 | 1,095,052 |
| 2160 | 應付票據－關係人 | 七 | 33,050 | 59,024 | 18,746 |
| 2170 | 應付帳款 | 六(十八) | 43,119,342 | 38,765,523 | 35,817,653 |
| 2180 | 應付帳款－關係人 | 七 | 785,495 | 611,731 | 689,580 |
| 2200 | 其他應付款 | 六(三十三) | 52,215,078 | 51,780,717 | 70,581,806 |
| 2230 | 本期所得稅負債 | 六(三十三) | 3,537,754 | 3,129,453 | 2,983,469 |
| 2280 | 租賃負債－流動 | 13,546,582 | 14,164,656 | 12,944,435 |
| 2310 | 預收款項 | 557,648 | 621,700 | 556,530 |
| 2320 | 一年或一營業週期內到期長期負債 | 六(十九) | 6,910,977 | 5,777,065 | 5,583,024 |
| 2399 | 其他流動負債－其他 | - | 4,373,831 | 4,353,084 | 4,173,070 |
| 21XX | 流動負債合計 | 186,763,378 | 35 | 176,162,257 | 34 | 175,669,344 | 35 |
| 非流動負債 |  |  |  |  |  |
| 2527 | 合約負債－非流動 | 六(二十六) | 673,981 | - | 549,019 |
| 2530 | 應付公司債 | 六(十九) | 45,150,000 | 8 | 47,050,000 |
| 2540 | 長期借款 | 六(二十)及八 | 20,008,539 | 4 | 13,306,228 |
| 2570 | 遞延所得稅負債 | 六(三十三) | 15,363,941 | 3 | 14,218,609 |
| 2580 | 租賃負債－非流動 | 73,693,607 | 14 | 65,583,194 | 13 |
| 2640 | 淨確定福利負債－非流動 | 六(二十一) | 6,803,488 | 1 | 7,351,787 |
| 2645 | 存入保證金 | 6,893,400 | 1 | 6,555,269 |
| 2670 | 其他非流動負債－其他 | 1,594,513 | - | 2,269,522 |
| 25XX | 非流動負債合計 | 170,181,469 | 31 | 156,883,628 | 31 | 153,771,902 | 30 |
| 2XXX | 負債總計 | 356,944,847 | 66 | 333,045,885 | 65 | 329,441,246 | 65 |
| 归屬於母公司業主之權益 |  |  |  |  |  |
| 股本 |  |  |  |  |  |
| 3110 | 普通股股本 | 六(二十二) | 56,820,154 | 11 | 56,820,154 |
| 3200 | 資本公積 | 六(二十三) | 2,767,648 | - | 2,834,168 |
| 3310 | 法定盈餘公積 | - | 2,952,924 |
| 3320 | 特別盈餘公積 | - | 8,203,635 |
| 3350 | 未分配盈餘 | - | 28,606,361 |
| 其他權益 |  |  |  |  |  |
| 3400 | 其他權益 | 六(二十五) | (3,392,095) | (1) | (10,094,971) |
| 31XX | 归屬於母公司業主之權益 | - | (2) | (10,299,083) |
| 合計 | 122,563,832 | 22 | 116,586,199 | 23 | 112,659,306 |
| 36XX | 非控制權益 | 四(三)及六(三十五) | 64,675,001 | 12 | 64,407,546 |
| 3XXX | 權益總計 | 187,238,833 | 34 | 180,993,745 | 35 | 175,329,627 |
| 3X2X | 負債及權益總計 | $544,183,680 | 100 | $514,039,630 | 100 | $504,770,873 | 100 |

---

後附合併財務報表附註為本合併財務