```markdown
| 土地及 | 土地改良物 | 房屋及建築 | 機器設備 | 運輸設備 | 未完工程 | 合計 |
| --- | --- | --- | --- | --- | --- | --- |
| 110年1月1日 |  |  |  |  |  |  |
| 成本 | $ 11,999,807 | $ 47,810,013 | $ 294,135,290 | $ 11,786,257 | $ 27,267,912 | $ 392,999,279 |
| 累計折舊及減損 | (166,627) | (27,634,688) | (228,341,490) | (9,587,514) | - | (265,730,319) |
|  | $ 11,833,180 | $ 20,175,325 | $ 65,793,800 | $ 2,198,743 | $ 27,267,912 | $ 127,268,960 |
| 110年 |  |  |  |  |  |  |
| 1月1日 | $ 11,833,180 | $ 20,175,325 | $ 65,793,800 | $ 2,198,743 | $ 27,267,912 | $ 127,268,960 |
| 增添 | - | - | 82,740 | 55,554 | 3,343,298 | 3,481,592 |
| 處分 | - (437) | (6,488) | (1,165) | - | - (8,090) |
| 重分類 | - | 76,518 | 1,762,153 | 128,279 | (1,911,341) | 55,609 |
| 折舊費用 | - (372,585) | (2,783,708) | (108,290) | - | - (3,264,583) |
| 淨兌換差額 | (8) | (23,981) | (89,142) | (3,229) | (90,230) | (206,590) |
| 3月31日 | $ 11,833,172 | $ 19,854,840 | $ 64,759,355 | $ 2,269,892 | $ 28,609,639 | $ 127,326,898 |
| 110年3月31日 |  |  |  |  |  |  |
| 成本 | $ 11,999,731 | $ 47,823,311 | $ 295,265,101 | $ 11,944,336 | $ 28,609,639 | $ 395,642,118 |
| 累計折舊及減損 | (166,559) | (27,968,471) | (230,505,746) | (9,674,444) | - | (268,315,220) |
|  | $ 11,833,172 | $ 19,854,840 | $ 64,759,355 | $ 2,269,892 | $ 28,609,639 | $ 127,326,898 |
```