```markdown
# 台達電子工業股份有限公司及子公司

## 合併綜合損益表

### 民國112年及111年1月1日至3月31日

(僅經核發，未依審計準則查核)

| 項目 | 附註 | 112年1月至3月31日 | 111年1月至3月31日 |
|------|------|------------------|------------------|
| 4000 | 營業收入 | $92,859,244 | $82,538,075 |
| 5000 | 營業成本 | (67,291,540) | (60,025,519) |
| 5950 | 營業毛利淨額 | 25,567,704 | 22,512,556 |
| 6100 | 推銷費用 | (5,786,959) | (4,961,267) |
| 6200 | 管理費用 | (3,686,641) | (3,164,552) |
| 6300 | 研究發展費用 | (7,671,553) | (6,865,896) |
| 6450 | 預期信用減損損失 | (15,963) | (51,721) |
| 6000 | 營業費用合計 | (17,161,116) | (15,043,436) |
| 6900 | 營業利益 | 8,406,588 | 7,469,120 |
| 營業外收入及支出 | | | |
| 7100 | 利息收入 | 371,648 | 91,216 |
| 7010 | 其他收入 | 931,537 | 844,458 |
| 7020 | 其他利益及損失 | 494,435 | 207,415 |
| 7050 | 財務成本 | (253,893) | (73,524) |
| 7060 | 採用權益法認列之關聯企業及合資損益之份額 | | | |
| 7000 | 營業外收入及支出合計 | 1,552,713 | 1,070,257 |
| 7900 | 稅前淨利 | 9,959,301 | 8,539,377 |
| 7950 | 所得稅費用 | (1,988,220) | (1,708,587) |
| 8200 | 本期淨利 | $7,971,081 | $6,830,790 |

(續 次 頁)
```