### 财务报告

#### 流动资产

| 项目 | 112年3月31日 | 111年12月31日 | 111年3月31日 |
|------|--------------|---------------|--------------|
| 现金及约当现金 | $ 407,558,951 | $ 391,860,706 | $ 214,864,398 |
| 透过损益按公允价值衡量之金融资产－流动 | - | - | 46,836 |
| 按摊销后成本衡量之金融资产－流动 | 28,748,784 | 42,965,536 | 102,935,263 |
| 避险之金融资产－流动 | 4,695,526 | 6,543,287 | 15,820,050 |
| 合约资产－流动 | 1,112,201 | 1,748,928 | 3,664,425 |
| 应收票据净额 | 82,212 | 91,436 | 340,106 |
| 应收帐款净额 | 20,233,465 | 23,861,541 | 48,414,873 |
| 应收帐款－关系人净额 | 1,647,708 | 1,847,950 | 2,204,377 |
| 其他应收款 | 1,572,749 | 1,349,961 | 403,133 |
| 其他应收款－关系人 | 735,622 | 863,305 | 1,284,626 |
| 本期所得税资产 | 367,254 | 230,283 | 247,845 |
| 存货 | 8,070,086 | 7,705,265 | 7,562,640 |
| 预付款项 | 2,172,885 | 1,736,895 | 1,991,506 |
| 其他流动资产 | 3,595,048 | 3,130,201 | 3,683,116 |
| 流动资产合计 | 480,592,491 | 483,935,294 | 403,463,194 |

#### 非流动资产

| 项目 | 112年3月31日 | 111年12月31日 | 111年3月31日 |
|------|--------------|---------------|--------------|
| 透过其他综合损益按公允价值衡量之金融资产－非流动 | 1,589,433 | - | 2,264,720 |
| 按摊销后成本衡量之金融资产－非流动 | 542,155 | - | 573,053 |
| 避险之金融资产－非流动 | 1,902,976 | - | 511,303 |
| 接受权益法之投资 | 41,246,019 | 43,648,146 | 38,743,870 |
| 不动产、厂房及设备 | 222,951,746 | 211,064,739 | 174,740,032 |
| 使用权资产 | 104,277,134 | 105,236,115 | 102,535,743 |
| 投资性不流动资产净额 | 6,675,204 | 6,353,694 | 7,534,133 |
| 無形资产 | 1,328,192 | - | 1,272,322 |
| 遥延所得税资产 | 872,241 | - | 860,610 |
| 其他非流动资产 | 29,731,738 | 31,074,871 | 25,391,963 |
| 非流动资产合计 | 411,116,838 | 403,576,763 | 354,427,749 |

#### 资产总计

| 项目 | 112年3月31日 | 111年12月31日 | 111年3月31日 |
|------|--------------|---------------|--------------|
| 资产总计 | $ 891,709,329 | $ 887,512,057 | $ 757,890,943 |

---

**（续次页）**