### 财务报告分析

#### 非衍生金融负债剩余合约到期分析

非衍生金融负债剩余合约到期分析系依本公司及子公司最早可能被要求还款之日期，按金融负债未折现现金流量（包含本金及估计利息）编制。因此，本公司及子公司可被要求立即还款之银行借款，列于下表最早之期间内，不考虑银行立即执行该权利之机率；其他非衍生金融负债到期分析系依照约定之还款日编制。

下表系按到期日及未折现之到期金额彙总列示本公司及子公司已约定还款期间之金融负债分析：

| 项目 | 111年3月31日 | 110年12月31日 | 110年3月31日 |
|------|--------------|---------------|--------------|
| 非衍生金融负债 | | | |
| 無附息负债 | $ 54,346,791 | $ 371,216 | $ - | $ 54,718,007 |
| 租賃負債 | 1,200,391 | 3,184,848 | 9,214,010 | 13,599,249 |
| 浮動利率負債 | 34,430,578 | 37,697,470 | 4,127,342 | 76,255,390 |
| 固定利率負債 | 42,428,122 | 42,879,644 | 18,239,848 | 103,547,614 |
| 退款負債 | 3,846,982 | - | - | 3,846,982 |
| 財務保證負債 | 3,875,656 | 5,646,604 | 500,743 | 10,023,003 |
| 合計 | $ 140,128,520 | $ 89,779,782 | $ 32,081,943 | $ 261,990,245 |

| 项目 | 111年3月31日 | 110年12月31日 | 110年3月31日 |
|------|--------------|---------------|--------------|
| 非衍生金融负债 | | | |
| 無附息负债 | $ 57,102,113 | $ 302,678 | $ - | $ 57,404,791 |
| 租賃負債 | 1,124,687 | 3,178,198 | 9,383,399 | 13,686,284 |
| 浮動利率負債 | 39,172,012 | 40,044,598 | 1,277,863 | 80,494,473 |
| 固定利率負債 | 34,808,970 | 43,778,903 | 21,010,936 | 99,598,809 |
| 退款負債 | 3,698,912 | - | - | 3,698,912 |
| 財務保證負債 | 3,671,525 | 8,679,198 | 475,001 | 12,825,724 |
| 合計 | $ 139,578,219 | $ 95,983,575 | $ 32,147,199 | $ 267,708,993 |

| 项目 | 111年3月31日 | 110年12月31日 | 110年3月31日 |
|------|--------------|---------------|--------------|
| 非衍生金融负债 | | | |
| 無附息负债 | $ 40,384,054 | $ 247,438 | $ - | $ 40,631,492 |
| 租賃負債 | 1,035,295 | 3,081,576 | 9,743,686 | 13,860,557 |
| 浮動利率負債 | 30,989,588 | 50,004,460 | 1,675,375 | 82,669,423 |
| 固定利率負債 | 53,805,963 | 57,700,050 | 25,295,862 | 136,801,875 |
| 退款負債 | 2,976,338 | - | - | 2,976,338 |
| 財務保證負債 | 3,756,321 | 22,639,240 | 4,868,883 | 31,264,444 |
| 合計 | $ 132,947,559 | $ 133,672,764 | $ 41,583,806 | $ 308,204,129 |

#### 上述财务保证合约之金额

上述财务保证合约之金额，係财务保证合约持有人若向保证人求偿全数保证金额时，本公司及子公司为履行保证义务可能须支付之最大金额。惟依资产负债表日之评估，本公司及子公司认为支付该等合约款项之可能性不大。

### 三十、关系人交易

本公司及子公司（係本公司之关系人）間之交易、帳戶餘額、收益及費損於合併時全數予以銷除，是以未揭露於本附註。除已於其他