### 财务报告

#### 112年1月1日至3月31日
| 项目 | 金额 | % | 金额 | % |
|------|------|---|------|---|
| 7590 | ($ 101,408) | - | ($ 191,246) | - |
| 7610 | ($ 14,075) | - | ($ 37,346) | - |
| 7000 | 1,314,822 | 5 | 964,488 | 4 |
| 7900 | 1,480,889 | 6 | 1,172,111 | 5 |
| 7950 | 475,245 | 2 | 315,605 | 1 |
| 8200 | 1,005,644 | 4 | 856,506 | 4 |
| 8310 | 1,532,956 | 6 | 633,543 | 3 |
| 8360 | 904,874 | 4 | 955,191 | 4 |
| 8300 | 1,500,769 | 6 | 9,244,325 | 40 |
| 8500 | $ 2,506,413 | 10 | $ 10,100,831 | 44 |

#### 111年1月1日至3月31日
| 项目 | 金额 | % | 金额 | % |
|------|------|---|------|---|
| 7590 | ($ 191,246) | - | ($ 101,408) | - |
| 7610 | ($ 37,346) | - | ($ 14,075) | - |
| 7000 | 964,488 | 4 | 1,314,822 | 5 |
| 7900 | 1,172,111 | 5 | 1,480,889 | 6 |
| 7950 | 315,605 | 1 | 475,245 | 2 |
| 8200 | 856,506 | 4 | 1,005,644 | 4 |
| 8310 | 633,543 | 3 | 1,532,956 | 6 |
| 8360 | 9,244,325 | 40 | 904,874 | 4 |
| 8300 | 9,244,325 | 40 | 1,500,769 | 6 |
| 8500 | $ 10,100,831 | 44 | $ 2,506,413 | 10 |

#### 本期其他综合损益净额
| 项目 | 金额 | % | 金额 | % |
|------|------|---|------|---|
| 8310 | 1,532,956 | 6 | 633,543 | 3 |
| 8360 | 904,874 | 4 | 955,191 | 4 |
| 8300 | 1,500,769 | 6 | 9,244,325 | 40 |
| 8500 | $ 2,506,413 | 10 | $ 10,100,831 | 44 |

#### 附注二二
- 透过其他综合损益按公允价值衡量之权益工具投资未实现评价损益
- 採用權益法認列之關聯企業及合資之其他綜合損益之份額
- 國外營運機構財務報表換算之兌換差額
- 採用權益法認列之關聯企業及合資之其他綜合損益之份額
- 其他綜合損益淨額
- 本期綜合損益總額