以下是从图像中提取的财务报告数据：

### 文本输出
- 董事长：張安平
- 经理人：李鐘培
- 会计主管：葉國宏

### 表格数据输出
#### 资产负债表
| 项目 | 112年3月31日 | 111年12月31日 | 111年3月31日 |
|------|--------------|---------------|--------------|
| 现金及约当现金（附注六） | $ 98,040,416 | $ 91,121,942 | $ 58,958,539 |
| 通过损益按公允价值衡量之金融资产（附注七及三十） | 370,222 | 363,813 | 344,694 |
| 通过其他综合损益按公允价值衡量之金融资产（附注八、三十及三二） | 6,978,002 | 6,387,543 | 5,721,861 |
| 按摊销后成本衡量之金融资产（附注六及三二） | 20,341,977 | 15,508,688 | 14,959,089 |
| 应收票据（附注九） | 23,092,974 | 25,639,724 | 24,230,789 |
| 应收帐款（附注九及十） | 10,329,793 | 9,844,002 | 8,671,152 |
| 应收票据及帐款－关系人（附注三一） | 378,563 | 457,203 | 257,663 |
| 其他应收款 | 1,535,943 | 1,499,122 | 651,122 |
| 其他应收款－关系人（附注三一） | 308,904 | 388,968 | 4,056 |
| 存货（附注十二） | 13,552,203 | 13,412,511 | 7,779,906 |
| 预付款项 | 5,472,661 | 3,935,775 | 3,154,177 |
| 待出售处分群组（附注四、十一及三二） | - | - | 10,453,562 |
| 其他流动资产 | - | - | 631,348 |
| 流动资产总计 | 121,932,586 | 124,353,435 | 130,708,958 |

| 项目 | 112年3月31日 | 111年12月31日 | 111年3月31日 |
|------|--------------|---------------|--------------|
| 通过其他综合损益按公允价值衡量之金融资产（附注八、三十及三二） | 28,349,964 | 27,835,864 | 32,628,494 |
| 按摊销后成本衡量之金融资产（附注六及三二） | 5,874,111 | 15,468,807 | 16,830,712 |
| 采用权益法之投资（附注七及三十） | 48,438,239 | 46,781,575 | 48,566,560 |
| 不动产、厂房及设备（附注十五、二十四及三二） | 103,227,319 | 98,196,032 | 87,517,403 |
| 使用权资产（附注十六及二十四） | 15,433,901 | 14,992,784 | 13,544,117 |
| 投资性不动产（附注十七、二十四及三二） | 5,420,880 | 5,425,680 | 5,446,310 |
| 无形资产（附注十八及二十四） | 28,443,122 | 27,650,861 | 19,485,447 |
| 预付设备款（附注十五、三一及三三） | 8,583,847 | 7,762,010 | 6,125,232 |
| 应收融资租賃款（附注十） | 24,108,219 | 24,334,423 | 25,610,088 |
| 淨确定递延资产（附注四四） | 1,852,446 | 1,850,315 | 1,576,799 |
| 其他非流动资产 | 2,073,636 | 2,032,773 | 1,141,797 |
| 非流动资产总计 | 271,805,684 | 272,331,124 | 259,363,959 |

| 项目 | 112年3月31日 | 111年12月31日 | 111年3月31日 |
|------|--------------|---------------|--------------|
| 资产总计 | $ 452,838,271 | $ 441,684,559 | $ 390,072,917 |

#### 负债及所有者权益表
| 项目 | 112年3月31日 | 111年12月31日 | 111年3月31日 |
|------|--------------|---------------|--------------|
| 短期借款（附注十九、二八及三二） | $ 49,691,467 | $ 48,440,514 | $ 34,341,574 |
| 应付短期票据（附注十九） | 6,159,512 | 6,769,046 | 5,244,925 |
| 通过损益按公允价值衡量之金融负债（附注七及三十） | 461,702 | 213,062 | 1 |
| 合约负债（附注十一） | 1,398,293 | 1,439,222 | 7,974,343 |
| 应付票据及帐款（附注三一） | 11,279,929 | 10,023,071 | 6,461,632 |
| 其他应付款（附注三一） | 8,768,775 | 8,203,196 | 6,899,161 |
| 其他应付款－关系人（附注三一） | 27,392 | 2,139,057 | 6,155 |
| 本期所得税负债（附注四） | 2,104,940 | 2,490,823 | 6,654,095 |
| 与待出售处分群组直接相关的负债（附注四、十一及三一） | - | - | 6,335,143 |
| 租赁负债（附注十六及三一） | 416,321 | 407,652 | 3,145,355 |
| 一年内到期的长期借款（附注十九、二八及三二） | 17,098,439 | 7,091,417 | 4,520,000 |
| 一年