### 财务报告

#### 统一企业股份有限公司及子公司

#### 民国111年9月30日及民国110年12月31日、9月30日

（民国111年及110年9月30日之合并资产负债表未经审计，未依一般公认审计准则查核）

单位：新台币仟元

| 项目 | 111年9月30日 | 110年12月31日 | 110年9月30日 |
|------|--------------|---------------|--------------|
| 流动资产 | | | |
| 1100 现金及约当现金 | $ 94,298,795 | $ 80,837,880 | $ 81,071,606 |
| 1110 透过损益按公允价值衡量之金融资产－流动 | 7,984,704 | 10,394,193 | 11,548,534 |
| 1136 按摊销后成本衡量之金融资产－流动 | 14,649,859 | 15,300,236 | 12,120,481 |
| 1150 应收票据净额 | 2,090,051 | 1,551,178 | 1,316,378 |
| 1160 应收票据－关系人净额 | 247 | 262 | 262 |
| 1170 应收帐款净额 | 19,161,546 | 17,942,536 | 19,452,936 |
| 1180 应收帐款－关系人净额 | 1,493,490 | 1,174,616 | 1,453,613 |
| 1200 其他应收款 | 6,759,672 | 5,069,711 | 5,783,963 |
| 1220 本期所得税资产 | 124,105 | 140,970 | 117,528 |
| 130X 存货 | 45,103,526 | 46,607,301 | 39,660,454 |
| 1410 预付款项 | 5,112,927 | 4,806,485 | 4,616,276 |
| 1460 待出售非流动资产净额 | - | - | 4,371 |
| 1470 其他流动资产 | 3,355,727 | 3,740,610 | 3,552,934 |
| 11XX 流动资产合计 | 200,134,649 | 187,570,349 | 180,694,965 |

| 项目 | 111年9月30日 | 110年12月31日 | 110年9月30日 |
|------|--------------|---------------|--------------|
| 非流动资产 | | | |
| 1510 透过损益按公允价值衡量之金融资产－非流动 | 8,397,653 | 6,687,077 | 5,874,177 |
| 1517 透过其他综合损益按公允价值衡量之金融资产－非流动 | 4,346,952 | 5,046,544 | 6,036,881 |
| 1535 按摊销后成本衡量之金融资产－非流动 | 23,023,393 | 17,477,582 | 17,346,757 |
| 1550 接受权益法之投资 | 32,532,111 | 33,830,329 | 32,930,075 |
| 1600 不动产、厂房及设备 | 123,544,246 | 122,583,124 | 122,069,476 |
| 1755 使用权资产 | 96,392,346 | 89,056,226 | 87,609,553 |
| 1760 投资性不动产净额 | 21,237,241 | 17,762,512 | 17,847,430 |
| 1780 無形资产 | 16,552,939 | 17,179,317 | 17,411,057 |
| 1840 遗延所得税资产 | 6,878,805 | 6,373,372 | 6,610,203 |
| 1915 预付设备款 | 1,387,406 | 1,396,313 | 804,233 |
| 1920 存出保证金 | 3,687,310 | 3,604,241 | 3,568,761 |
| 1990 其他非流动资产－其他 | 6,068,629 | 5,472,644 | 5,967,305 |
| 15XX 非流动资产合计 | 344,049,031 | 326,469,281 | 324,075,908 |
| 1XXX 资产总计 | $ 544,183,680 | $ 514,039,630 | $ 504,770,873 |

（续次页）

---

### 财务报告

#### 统一企业股份有限公司及子公司

#### 民国111年9月30日及民国110年12月31日、9月30日

（民国111年及110年9月30日之合并资产负债表未经审计，未依一般公认审计准则查核）

单位：新台币仟元

| 项目 | 111年9月30日 | 110年12月31日 | 110年9月30日 |
|------|--------------|---------------|--------------|
| 流动资产 | | | |
| 1100 现金及约当现金 | $ 94,298,795 | $ 80,837,880 | $ 81,071,606 |
| 1110 透过损益按公允价值衡量之金融资产－流动 | 7,984,704 | 10,394,193 | 11,548,534 |
| 1136 按摊销后成本衡量之金融资产－流动 | 14,649,859 | 15,300,236 | 12,120,481 |
| 1150 应收票据净额 | 2,090,051 | 1,551,178 | 1,316,378 |
| 1160 应收票据－关系人净额 | 247 | 262 | 262 |
| 1170 应收帐款净额 | 19,161,546 | 17,942,536 | 19,452,936 |
| 1180 应收帐款－关系人净额 | 1,493,490 | 1,174,616 | 1,453,613 |
| 1200 其他应收款