### 亚德客国际集团及其子公司
#### 合并综合损益表
#### 民国 112 年及 111 年 1 月 1 日至 3 月 31 日
（仅经核阅，未依审计准则查核）

单位：新台币仟元，惟每股盈余为元

| 代 码 | 112年1月1日至3月31日 | 111年1月1日至3月31日 |
|-------|---------------------|---------------------|
| 4100  | 销货收入（附注二一及三四） | $ 6,905,753 | $ 6,508,962 |
| 5110  | 销货成本（附注十及二二） | 3,769,934 | 3,700,895 |
| 5900  | 營業毛利 | 3,135,819 | 2,808,067 |
| 6100  | 推銷費用 | 656,955 | 605,859 |
| 6200  | 管理費用 | 255,086 | 213,948 |
| 6300  | 研究發展費用 | 189,107 | 177,405 |
| 6450  | 預期信用（迴轉利益）減損損失 | (11,786) | (227) |
| 6000  | 營業費用合計 | 1,089,362 | 996,985 |
| 6900  | 營業淨利 | 2,046,457 | 1,811,082 |
| 7100  | 利息收入 | 20,633 | 26,372 |
| 7020  | 其他利益及損失 | 62,092 | 391,766 |
| 7050  | 財務成本 | (42,112) | (38,411) |
| 7000  | 營業外收入及支出合計 | 40,613 | 379,727 |
| 7900  | 繼續營業單位稅前淨利 | 2,087,070 | 2,190,809 |
| 7950  | 所得税費用（附注四及二三） | 464,483 | 512,632 |
| 8200  | 本期淨利 | 1,622,587 | 1,678,177 |

（接次页）

#### 亚德客国际集团及其子公司
#### 合并综合损益表
#### 民国 112 年及 111 年 1 月 1 日至 3 月 31 日
（仅经核阅，未依审计准则查核）

单位：新台币仟元，惟每股盈余为元

| 代 码 | 112年1月1日至3月31日 | 111年1月1日至3月31日 |
|-------|---------------------|---------------------|
| 4100  | 销货收入（附注二一及三四） | $ 6,905,753 | $ 6,508,962 |
| 5110  | 销货成本（附注十及二二） | 3,769,934 | 3,700,895 |
| 5900  | 營業毛利 | 3,135,819 | 2,808,067 |
| 6100  | 推銷費用 | 656,955 | 605,859 |
| 6200  | 管理費用 | 255,086 | 213,948 |
| 6300  | 研究發展費用 | 189,107 | 177,405 |
| 6450  | 預期信用（迴轉利益）減損損失 | (11,786) | (227) |
| 6000  | 營業費用合計 | 1,089,362 | 996,985 |
| 6900  | 營業淨利 | 2,046,457 | 1,811,082 |
| 7100  | 利息收入 | 20,633 | 26,372 |
| 7020  | 其他利益及損失 | 62,092 | 391,766 |
| 7050  | 財務成本 | (42,112) | (38,411) |
| 7000  | 營業外收入及支出合計 | 40,613 | 379,727 |
| 7900  | 繼續營業單位稅前淨利 | 2,087,070 | 2,190,809 |
| 7950  | 所得税費用（附注四及二三） | 464,483 | 512,632 |
| 8200  | 本期淨利 | 1,622,587 | 1,678,177 |

（接次页）