# 财务报告

## 流动负债

| 项目 | 112年3月31日 | 111年12月31日 | 111年3月31日 |
|------|--------------|---------------|--------------|
| 2100 短期借款 | $ 35,035,893 | $ 48,897,458 | $ 10,561,948 |
| 2120 透过损益按公允价值衡量之金融负债 - 流动 | 438,203 | 1,585,793 | 243,544 |
| 2126 避险之金融负债 - 流动 | 513,056 | 1,933,650 | 227,824 |
| 2130 合约负债 - 流动 | 2,600,088 | 2,301,547 | 3,303,122 |
| 2170 應付票据及帐款 | 60,518,269 | 51,368,369 | 91,768,852 |
| 220X 其他应付款 - 应付费用 | 34,858,836 | 38,943,789 | 42,674,989 |
| 2230 本期所得税负债 | 9,590,560 | 9,489,977 | 18,932,279 |
| 2250 负债准备 - 流动 | 32,085,303 | 32,584,520 | 29,090,048 |
| 2280 租赁负债 - 流动 | 540,731 | 470,211 | 481,311 |
| 2320 一年或一营业周期内到期长期负债 | 10,331 | 10,377 | 10,591 |
| 2365 退款负债 - 流动 | 26,999,371 | 30,083,875 | 33,323,022 |
| 2399 其他流动负债 - 其他 | 5,453,796 | 5,007,712 | 5,601,307 |
| 21XX 流动负债合计 | 208,644,437 | 222,677,278 | 236,218,837 |

## 非流动负债

| 项目 | 112年3月31日 | 111年12月31日 | 111年3月31日 |
|------|--------------|---------------|--------------|
| 2540 长期借款 | 142,370 | 144,910 | 152,522 |
| 2570 遗留所得税负债 | 18,376,188 | 18,344,096 | 17,366,370 |
| 2580 租赁负债 - 非流动 | 961,037 | 908,928 | 905,618 |
| 2600 其他非流动负债 | 2,155,014 | 2,200,671 | 1,160,293 |
| 25XX 非流动负债合计 | 21,634,609 | 21,598,605 | 19,584,803 |
| 2XXX 负债总计 | 230,279,046 | 244,275,883 | 255,803,640 |

## 归属于母公司股东之权益

| 项目 | 112年3月31日 | 111年12月31日 | 111年3月31日 |
|------|--------------|---------------|--------------|
| 3110 普通股股本 | 7,427,603 | 7,427,603 | 7,427,603 |
| 3200 资本公积 | 11,654,115 | 11,744,485 | 11,399,490 |
| 3310 法定盈余公积 | 43,977,035 | 43,977,035 | 39,274,878 |
| 3320 特别盈余公积 | 693,928 | 693,928 | 693,928 |
| 3350 未分配盈余 | 112,201,033 | 113,873,089 | 145,515,288 |
| 3400 其他权益 | 43,178,464 | 34,664,340 | 41,551,504 |
| 31XX 归属于母公司股东之权益合计 | 219,132,178 | 212,380,480 | 245,862,691 |
| 36XX 非控制权益 | 14,521,434 | 14,508,351 | 14,106,079 |
| 3XXX 权益总计 | 233,653,612 | 226,888,831 | 259,968,770 |
| 3X2X 负债及权益总计 | $ 463,932,658 | $ 471,164,714 | $ 515,772,410 |

---

后附合并财务报表附注为本合并财务报告之一部分，请并同参阅。

---

## 董事长：施崇棠 经理人：許先越 胡書賓 會計主管：劉文婷