### 财务报告

#### 流动资产

| 项目 | 112年3月31日 | 111年12月31日 | 111年3月31日 |
|------|--------------|---------------|--------------|
| 现金及约当现金 | $ 1,119,530,444 | $ 1,062,326,324 | $ 1,184,629,960 |
| 透过损益按公允价值衡量之金融资产－流动 | 4,127,950 | 4,664,142 | 6,156,336 |
| 透过其他综合损益按公允价值衡量之金融资产－流动 | 44,305 | 44,069 | 135,191 |
| 按摊销后成本衡量之金融资产－流动 | 30,931,329 | 17,696,967 | 62,174,507 |
| 避险之金融资产－流动 | 377,018 | - | 716,456 |
| 按收帐款净额 | 675,693,085 | 1,060,980,085 | 856,704,700 |
| 按收帐款－关联人净额 | 27,985,368 | 37,710,086 | 23,719,390 |
| 其他按收款 | 60,684,807 | 56,002,627 | 60,690,767 |
| 其他按收款－关联人 | 3,759,305 | 1,719,679 | 5,071,157 |
| 存货 | 813,156,931 | 939,022,052 | 754,529,704 |
| 预付款项 | 21,251,569 | 17,280,096 | 20,894,884 |
| 其他流动资产 | 1,937,707 | - | 8,752,619 |
| 流动资产合计 | 2,759,479,818 | 3,200,505,521 | 2,984,175,671 |

#### 非流动资产

| 项目 | 112年3月31日 | 111年12月31日 | 111年3月31日 |
|------|--------------|---------------|--------------|
| 透过损益按公允价值衡量之金融资产－非流动 | 89,039,811 | 88,397,440 | 83,731,481 |
| 透过其他综合损益按公允价值衡量之金融资产－非流动 | 85,788,109 | 84,586,400 | 109,664,125 |
| 按摊销后成本衡量之金融资产－非流动 | 6,868,638 | - | 19,432,030 |
| 接用权益法之投资 | 206,037,546 | 239,489,049 | 197,609,614 |
| 不动产、厂房及设备 | 366,591,156 | 362,404,684 | 318,854,106 |
| 使用权资产 | 41,859,238 | 40,405,796 | 40,965,857 |
| 投资性不流动资产净额 | 10,274,249 | - | 10,758,498 |
| 無形资产 | 45,442,536 | 46,660,039 | 47,453,586 |
| 遐延所得税资产 | 21,672,416 | 20,761,532 | 20,424,679 |
| 其他非流动资产 | 26,265,732 | 27,411,741 | 60,386,516 |
| 非流动资产合计 | 899,839,431 | 933,468,759 | 909,280,492 |

#### 资产总计

| 项目 | 112年3月31日 | 111年12月31日 | 111年3月31日 |
|------|--------------|---------------|--------------|
| 资产总计 | $ 3,659,319,249 | $ 4,133,974,280 | $ 3,893,456,163 |

---

### 注意事项

- 在表格中，定期验证与下划线和特殊符号相关的关键术语如"总计"至关重要。
- 输入图像描述：财务报告页面的图像，包含标题、多个表格和周围的解释性文本。
- 特别注意确保数值的准确性和上下文的保留，尤其是在财务数据表示方面。
- 智能处理潜在的图像噪声或失真，以保持数据的完整性。
- 请确保提取的数据准确反映财务报告中的表格数据和文本，提供超出标准OCR通常能力的全面输出。
- 表格资料将以Markdown表格格式呈现，方便后续处理、分析和与RAG结合使用。