### 财务报告

#### 台湾化学纤维股份有限公司及子公司
#### 合并资产负债表
#### 民国112年3月31日及民国111年12月31日、3月31日
#### （民国112年及111年3月31日之合并资产负债表未经会计师核阅，未依审计准则查核）

#### 单位：新台币仟元

| 项目 | 112年3月31日 | 111年12月31日 | 111年3月31日 |
|------|--------------|---------------|--------------|
| 流动资产 | | | |
| 1100 现金及约当现金 | $ 28,917,011 | $ 33,002,871 | $ 31,821,811 |
| 1110 透过损益按公允价值衡量之金融资产－流动 | 1,566,534 | 1,797,262 | 1,543,832 |
| 1120 透过其他综合损益按公允价值衡量之金融资产－流动 | 102,597,434 | 92,125,314 | 118,101,104 |
| 1136 按摊销后成本衡量之金融资产－流动 | 4,288,053 | 4,565,618 | 64,773 |
| 1150 应收票据净额 | 8,643,738 | 6,550,164 | 10,016,489 |
| 1160 应收票据－关系人净额 | 16,975 | - | 8,147 |
| 1170 应收帐款净额 | 15,883,861 | 16,355,474 | 19,789,085 |
| 1180 应收帐款－关系人净额 | 7,486,237 | 7,145,791 | 9,699,550 |
| 1200 其他应收款 | 7,699,862 | 4,483,253 | 3,819,012 |
| 1210 其他应收款－关系人 | 3,948,470 | 2,429,252 | 2,841,803 |
| 130X 存货 | 50,364,122 | 48,437,390 | 50,624,179 |
| 1470 其他流动资产 | 10,264,201 | 7,813,014 | 12,752,302 |
| 11XX 流动资产合计 | 241,676,498 | 224,713,550 | 261,080,493 |
| 非流动资产 | | | |
| 1517 透过其他综合损益按公允价值衡量之金融资产－非流动 | 53,857,190 | 51,954,437 | 73,464,153 |
| 1535 按摊销后成本衡量之金融资产－非流动 | 2,793,534 | 2,250,169 | 1,500 |
| 1550 接用权益法之投资 | 118,648,031 | 117,661,397 | 133,158,246 |
| 1600 不动产、厂房及设备 | 144,911,650 | 142,848,941 | 134,211,073 |
| 1755 使用权资产 | 1,651,793 | - | 1,672,134 |
| 1780 无形资产 | 5,692 | - | 5,930 |
| 1840 遗延所得税资产 | 2,177,921 | - | 1,418,448 |
| 1900 其他非流动资产 | 11,795,498 | 12,314,889 | 11,557,275 |
| 15XX 非流动资产合计 | 335,841,309 | 330,825,078 | 355,488,759 |
| 1XXX 资产总计 | $ 577,517,807 | $ 555,538,628 | $ 616,569,252 |

#### （续次页）

---

### 财务报告

#### 台湾化学纤维股份有限公司及子公司
#### 合并资产负债表
#### 民国112年3月31日及民国111年12月31日、3月31日
#### （民国112年及111年3月31日之合并资产负债表未经会计师核阅，未依审计准则查核）

#### 单位：新台币仟元

| 项目 | 112年3月31日 | 111年12月31日 | 111年3月31日 |
|------|--------------|---------------|--------------|
| 流动资产 | | | |
| 1100 现金及约当现金 | $ 28,917,011 | $ 33,002,871 | $ 31,821,811 |
| 1110 透过损益按公允价值衡量之金融资产－流动 | 1,566,534 | 1,797,262 | 1,543,832 |
| 1120 透过其他综合损益按公允价值衡量之金融资产－流动 | 102,597,434 | 92,125,314 | 118,101,104 |
| 1136 按摊销后成本衡量之金融资产－流动 | 4,288,053 | 4,565,618 | 64,773 |
| 1150 应收票据净额 | 8,643,738 | 6,550,164 | 10,016,489 |
| 1160 应收票据－关系人净额 | 16,975 | - | 8,147 |
| 1170 应收帐款净额 | 15,883,861 | 16,355,474 | 19,789,085 |
| 1180 应收帐款－关系人净额 | 7,486,237 | 7,145,791 | 9,699,550 |
| 1200 其他应收款 | 7,699,862 | 4,483,253 | 3,819,012 |
| 1210 其他应收款－关系人 | 3,948,470 | 2,429,252 | 2,841,803 |
| 130X 存货 | 50,364,122 | 48,437,390 | 50,624,179 |
| 1470 其他流动资产 | 10,264,201 | 7,813,014 | 12,752,302 |
| 11XX 流动资产合计 | 241,676,498 | 224,7