# 财务报告

## 台达电子工业股份有限公司及子公司
### 合并财务报表
#### 民国111年9月30日及民国110年12月31日
#### （民国111年及110年9月30日之合并财务报表未经审计，未依一般公认审计准则查核）

单位：新台币仟元

| 项目 | 111年9月30日 | 110年12月31日 | 110年9月30日 |
|------|--------------|---------------|--------------|
| 流动负债 | | | |
| 2100 短期借款 | $2,040,552 | - | $4,397,362 | 1 | $2,885,046 | 1 |
| 2120 透过损益按公允价值衡量之金融负债－流动 | 544,395 | - | 41,371 | - | 169,465 | - |
| 2130 合约负债－流动 | 6,740,837 | 2 | 5,438,939 | 2 | 5,699,419 | 2 |
| 2150 应付票据 | 1,613 | - | 440 | - | 2,337 | - |
| 2170 应付帐款 | 66,869,725 | 16 | 54,554,462 | 15 | 54,722,192 | 15 |
| 2180 应付帐款－关系人 | 40,029 | - | 15,023 | - | 11,619 | - |
| 2200 其他应付款 | 36,943,215 | 9 | 35,652,202 | 10 | 31,928,093 | 9 |
| 2230 本期所得税负债 | 4,635,045 | 1 | 3,486,108 | 1 | 3,016,810 | 1 |
| 2300 其他流动负债 | 4,988,882 | 1 | 4,583,570 | 1 | 4,446,506 | 1 |
| 21XX 流动负债合计 | 122,804,293 | 29 | 108,169,477 | 30 | 102,881,487 | 29 |
| 非流动负债 | | | |
| 2530 应付公司债 | 6,600,000 | 2 | - | - | - | - |
| 2540 长期借款 | 49,407,140 | 11 | 43,913,787 | 12 | 47,674,204 | 13 |
| 2570 遗延所得税负债 | 19,475,168 | 5 | 16,777,156 | 5 | 16,409,385 | 5 |
| 2580 租赁负债－非流动 | 2,240,444 | - | 1,366,401 | - | 1,272,499 | - |
| 2600 其他非流动负债 | 8,541,042 | 2 | 8,760,831 | 2 | 7,307,789 | 2 |
| 25XX 非流动负债合计 | 86,263,794 | 20 | 70,818,175 | 19 | 72,663,877 | 20 |
| 2XXX 负债总计 | 209,068,087 | 49 | 178,987,652 | 49 | 175,545,364 | 49 |
| 权益 | | | |
| 股本 | | | |
| 3110 普通股股本 | 25,975,433 | 6 | 25,975,433 | 7 | 25,975,433 | 7 |
| 资本公积 | | | |
| 3200 资本公积 | 49,111,839 | 11 | 49,114,151 | 13 | 49,089,538 | 14 |
| 保留盈余 | | | |
| 3310 法定盈余公积 | 32,386,305 | 8 | 29,697,752 | 8 | 29,697,752 | 8 |
| 3320 特别盈余公积 | 16,166,722 | 4 | 12,543,208 | 3 | 12,543,208 | 4 |
| 3350 未分配盈余 | 58,039,010 | 13 | 53,622,701 | 15 | 47,341,773 | 13 |
| 其他权益 | | | |
| 3400 其他权益 | 301,714 | - | (16,166,723) | (4) | (15,738,077) | (4) |
| 31XX 归属于母公司股东之权益 | | | |
| 合计 | 181,981,023 | 42 | 154,786,522 | 42 | 148,909,627 | 42 |
| 36XX 非控制权益 | | | |
| 四(三) | 37,253,843 | 9 | 31,338,136 | 9 | 31,168,666 | 9 |
| 3XXX 权益总计 | 219,234,866 | 51 | 186,124,658 | 51 | 180,078,293 | 51 |
| 重大或有负债及未确认之合 | | | |
| 约承诺 | | | |
| 重大之期后事项 | | | |
| 十一 | | | |
| 3X2X 负债及权益总计 | $428,302,953 | 100 | $365,112,310 | 100 | $355,623,657 | 100 |

---

后附合并财务报表附注为本合并财务报告之一部分，请併同参阅。

---

**董事長：海英俊**
**經理人：鄭平**
**會計主管：余博文**

---

**~7~**