```markdown
|  | 土地及改良物 | 房屋及建築 | 機器設備 | 運輸設備及其他設備 | 未完工程及待驗設備 | 合計 |
|---|---|---|---|---|---|---|
| 112年1月1日(調整後) | | | | | | |
| 成本 | $ 12,086,989 | $ 50,808,233 | $ 321,597,950 | $ 12,234,305 | $ 36,911,841 | $ 433,639,318 |
| 累計折舊及減損 | (166,727) | (30,867,088) | (249,693,537) | (10,050,823) | - | (290,778,175) |
| | $ 11,920,262 | $ 19,941,145 | $ 71,904,413 | $ 2,183,482 | $ 36,911,841 | $ 142,861,143 |
| 112年 | | | | | | |
| 1月1日 | $ 11,920,262 | $ 19,941,145 | $ 71,904,413 | $ 2,183,482 | $ 36,911,841 | $ 142,861,143 |
| 增添 | - | 146 | 470,248 | 140,178 | 15,161,832 | 15,772,404 |
| 處分 | (2,725) | (27,716) | (161,219) | (3,120) | (60) | (194,840) |
| 重分類 | 99,893 | 890,089 | 7,531,625 | 102,426 | (8,577,964) | 46,069 |
| 折舊費用 | - | (1,164,736) | (8,261,715) | (362,211) | - | (9,788,662) |
| 減損損失迴轉 | - | 19,095 | 66,907 | - | - | 86,002 |
| 淨兌換差額 | 23 | 230,787 | 594,780 | 11,485 | 494,318 | 1,331,393 |
| 9月30日 | $ 12,017,453 | $ 19,888,810 | $ 72,145,039 | $ 2,072,240 | $ 43,989,967 | $ 150,113,509 |
| 112年9月30日 | | | | | | |
| 成本 | $ 12,184,392 | $ 51,843,529 | $ 324,683,897 | $ 12,197,953 | $ 43,989,967 | $ 444,899,738 |
| 累計折舊及減損 | (166,939) | (31,954,719) | (252,538,858) | (10,125,713) | - | (294,786,229) |
| | $ 12,017,453 | $ 19,888,810 | $ 72,145,039 | $ 2,072,240 | $ 43,989,967 | $ 150,113,509 |
```