```markdown
# 台達電子工業股份有限公司及子公司

## 合併損益表

### 民國 111 年及 110 年 1 月 1 日至 9 月 30 日

(僅經核閱，未依一般公認審計準則查核)

### 單位：新台幣仟元

(除每股盈餘為新台幣元外)

|  | 附註 | 111 年 7 月 1 日至 9 月 30 日 | 110 年 7 月 1 日至 9 月 30 日 | 111 年 1 月 1 日至 9 月 30 日 | 110 年 1 月 1 日至 9 月 30 日 |
|---|---|---|---|---|---|
| 4000 | 營業收入 | $106,248,153 | 100 | $79,646,172 | 100 | $278,783,021 | 100 | $230,901,339 | 100 |
| 5000 | 營業成本 | (74,070,823) | (70) | (57,102,574) | (72) | (197,622,962) | (71) | (163,070,655) | (71) |
| 5950 | 營業毛利淨額 | 32,177,330 | 30 | 22,543,598 | 28 | 81,160,059 | 29 | 67,830,684 | 29 |
|  | 營業費用 |  |  |  |  |  |  |  |  |
| 6100 | 推銷費用 | (6,121,842) | (5) | (4,771,215) | (6) | (16,488,127) | (6) | (14,424,753) | (6) |
| 6200 | 管理費用 | (4,030,312) | (4) | (3,100,668) | (4) | (10,805,452) | (4) | (9,163,483) | (4) |
| 6300 | 研究發展費用 | (8,487,504) | (8) | (6,887,397) | (8) | (23,045,308) | (8) | (20,323,613) | (9) |
| 6450 | 預期信用減損利益(損失) | 十二(二) | 9 | - | (6,377) | - | (159,600) | - | (140,765) | - |
| 6000 | 營業費用合計 | (18,639,649) | (17) | (14,765,657) | (18) | (50,498,487) | (18) | (43,771,084) | (19) |
| 6900 | 營業利益 | 13,537,681 | 13 | 7,777,941 | 10 | 30,661,572 | 11 | 24,059,600 | 10 |
|  | 營業外收入及支出 |  |  |  |  |  |  |  |  |
| 7100 | 利息收入 | 六(二十一) | 164,632 | - | 118,670 | - | 351,681 | - | 350,613 | - |
| 7010 | 其他收入 | 六(二十二) | 885,855 | 1 | 738,682 | 1 | 2,544,508 | 1 | 2,239,037 | 1 |
| 7020 | 其他利益及損失 | 六(二十三) | 744,197 | 1 | (272,794) | 1 | 1,313,027 | - | 753,284 | 1 |
| 7050 | 財務成本 | 六(二十四) | (174,815) | - | (75,423) | - | (353,372) | - | (218,106) | - |
| 7060 | 採用權益法認列之關聯企業及合資損益之份額 |  | 13,789 | - | 133 | - | 24,365 | - | (2,000) | - |
| 7000 | 營業外收入及支出合計 | 1,633,658 | 2 | 509,268 | - | 3,880,209 | 1 | 3,122,828 | 2 |
| 7900 | 稅前淨利 | 15,171,339 | 15 | 8,287,209 | 10 | 34,541,781 | 12 | 27,182,428 | 12 |
| 7950 | 所得稅費用 | 六(二十七) | (2,949,569) | (3) | (1,689,389) | (2) | (6,647,699) | (2) | (5,477,836) | (3) |
| 8200 | 本期淨利 | $12,221,770 | 12 | $6,597,820 | 8 | $27,894,082 | 10 | $21,704,592 | 9 |

(續 次 頁)
```