```markdown
# 研華股份有限公司及子公司

## 合併綜合損益表

### 民國 112 年及 111 年 1 月 1 日至 9 月 30 日

#### 單位：新台幣仟元

(除每股盈餘為新台幣元外)

| 項目 | 附註 | 112 年 7 月 1 日至 9 月 30 日 | 111 年 7 月 1 日至 9 月 30 日 | 112 年 1 月 1 日至 9 月 30 日 | 111 年 1 月 1 日至 9 月 30 日 |
|------|------|-----------------------------|-----------------------------|----------------------------|----------------------------|
| 4000 | 營業收入 | $15,006,349 | 100 | $18,613,912 | 100 | $49,430,091 | 100 | $51,557,924 | 100 |
| 5000 | 營業成本 | 六(二十一)及七 | (8,989,704) | (60) | (11,834,275) | (64) | (29,488,165) | (60) | (32,121,677) | (62) |
| 5950 | 營業毛利淨額 | 6,016,645 | 40 | 6,779,637 | 36 | 19,941,926 | 40 | 19,436,247 | 38 |
| 6100 | 推銷費用 | 六(六)(八)(九)(十) | (1,498,010) | (10) | (1,428,671) | (8) | (4,484,980) | (9) | (4,184,863) | (8) |
| 6200 | 管理費用 | (823,768) | (5) | (757,412) | (4) | (2,463,776) | (5) | (2,219,020) | (4) |
| 6300 | 研究發展費用 | (1,159,166) | (8) | (1,191,397) | (6) | (3,531,462) | (7) | (3,490,398) | (7) |
| 6450 | 預期信用減損損失 | (30,023) | - | (23,771) | - | (24,772) | - | (41,279) | - |
| 6000 | 營業費用合計 | (3,510,967) | (23) | (3,401,251) | (18) | (10,504,990) | (21) | (9,935,560) | (19) |
| 6900 | 營業利益 | 2,505,678 | 17 | 3,378,386 | 18 | 9,436,936 | 19 | 9,500,687 | 19 |
| 7100 | 利息收入 | 七 | 81,243 | 1 | 8,983 | - | 188,211 | - | 21,514 | - |
| 7010 | 其他收入 | 六(二十二)及七 | 186,647 | 1 | 271,023 | 1 | 362,199 | 1 | 352,773 | 1 |
| 7020 | 其他利益及損失 | 六(二)(二十三) | 194,597 | 1 | 125,161 | 1 | 280,873 | - | 143,518 | - |
| 7050 | 財務成本 | 六(九)(十一)(十三) | (11,468) | - | (6,547) | - | (34,112) | - | (19,047) | - |
| 7060 | 採用權益法認列之關聯企業及合資損益之份額 | 六(七) | 131,307 | 1 | 189,841 | 1 | 303,036 | 1 | 274,657 | - |
| 7000 | 營業外收入及支出合計 | 582,326 | 4 | 588,461 | 3 | 1,100,207 | 2 | 773,415 | 1 |
| 7900 | 稅前淨利 | 3,088,004 | 21 | 3,966,847 | 21 | 10,537,143 | 21 | 10,274,102 | 20 |
| 7950 | 所得稅費用 | 六(二十六) | (530,706) | (4) | (790,554) | (4) | (2,019,376) | (4) | (2,065,983) | (4) |
| 8200 | 本期淨利 | $2,557,298 | 17 | $3,176,293 | 17 | $8,517,767 | 17 | $8,208,119 | 16 |

(續 次 頁)
```