```markdown
| 性質 | 已認列之金融資產/負債總額 | 於資產負債表互抵之已認列之金融資產/負債總額 | 列報於資產負債表之金融資產/負債淨額 |
|------|------------------------|----------------------------------------|----------------------------------------|
| 銀行存款/銀行借款 | $ 681,969,373 | $ 681,969,373 | $ - |
| 銀行存款/銀行借款 | $ 1,006,353,380 | $ 1,006,353,380 | $ - |

(十八)其他應付款

| 112年3月31日 | 111年12月31日 | 111年3月31日 |
|--------------|--------------|--------------|
| 應付股利 | $ 73,473,850 | $ - | $ 72,087,551 |
| 應付薪資及獎金 | 35,778,356 | 62,934,936 | 41,232,933 |
| 應付設備款 | 22,268,524 | 28,837,155 | 21,276,611 |
| 應付員工酬勞 | 20,821,663 | 20,241,273 | 22,649,601 |
| 應付消耗用品(含間接材料) | 9,148,813 | 13,083,091 | 10,126,493 |
| 應付利息 | 15,051,879 | 11,657,373 | 4,975,895 |
| 應付權利金 | 4,903,163 | 5,465,498 | 5,472,059 |
| 應付稅金 | 7,141,171 | 5,978,962 | 5,590,102 |
| 限制性股票回購義務 | 2,029,172 | 1,117,627 | 2,242,711 |
| 其他 | 80,644,604 | 97,419,676 | 72,962,093 |
| $ 271,261,195 | $ 246,735,591 | $ 258,616,049 |

本集團之子公司富士康工業互聯網股份有限公司於民國108年發行員工限制性新股，員工須支付價款取得員工權利新股，員工若於既得期間離職應返還股票，本集團亦須退回價款，於給與日就預計將既得期間內離職員工所支付價款部分認列為負債。

(十九)其他流動負債-其他

| 112年3月31日 | 111年12月31日 | 111年3月31日 |
|--------------|--------------|--------------|
| 預收代購原物料及設備款 | $ 36,000,081 | $ 34,720,807 | $ 24,895,525 |
| 存入保證金 | 37,049,889 | 43,489,589 | 19,716,375 |
| 合約負債-預收貨款 | 18,900,684 | 20,738,272 | 17,577,350 |
| 合約負債-遞延收入 | 7,077,233 | 7,206,931 | 7,592,107 |
| 其他 | 5,035,812 | 4,365,174 | 2,489,955 |
| $ 104,063,699 | $ 110,520,773 | $ 72,271,312 |
```