台灣積, [1513.0, 259.0, 1592.0, 279.0]
公司, [1914.0, 261.0, 1975.0, 278.0]
民國, [1508.0, 334.0, 1578.0, 355.0]
31 日, [1917.0, 336.0, 1981.0, 352.0]
單位:新台幣仟元, [3089.0, 411.0, 3302.0, 433.0]
博, [1396.0, 486.0, 1429.0, 501.0]
公, [1619.0, 486.0, 1645.0, 500.0]
壤, [2729.0, 486.0, 2761.0, 503.0]
於, [1174.0, 487.0, 1201.0, 500.0]
之, [2504.0, 488.0, 2530.0, 503.0]
   , [2945.0, 489.0, 2978.0, 504.0]
 में, [1858.0, 512.0, 1885.0, 528.0]
, [2317.0, 514.0, 2340.0, 527.0]
他, [2013.0, 515.0, 2039.0, 528.0]
項, [2472.0, 515.0, 2504.0, 529.0]
官, [2624.0, 515.0, 2656.0, 529.0]
造過其他綜合, [2019.0, 540.0, 2174.0, 557.0]
損益按公允價值, [2019.0, 564.0, 2177.0, 581.0]
普 通 股 發 行 股 本, [725.0, 583.0, 1046.0, 605.0]
餘  國外營運機構財務 衡量之金融資產, [1814.0, 586.0, 2177.0, 607.0]
保, [1209.0, 588.0, 1242.0, 601.0]
母公司 紫主, [2823.0, 588.0, 2980.0, 608.0]
图, [1411.0, 589.0, 1446.0, 602.0]
网, [1610.0, 591.0, 1651.0, 605.0]
篇 页 本 注 话 法足图统公用 特别是投资商 本台出品牌 开留且的合作 辅助解决税组织 太阳视频道 退险工具负立 真工娱乐网址 昆虫推动合 苹 威 线 票 优 型 多 对 齐 控 利 提 推 适 合 利, [999.0, 610.0, 3302.0, 635.0]
股數(仟股) 金, [727.0, 613.0, 920.0, 629.0]
111年1月1日餘額, [189.0, 635.0, 377.0, 655.0]
25,930,380 $ 259,303,805, [765.0, 637.0, 1046.0, 657.0]
S 64,761,612 S 311,146,899 S 311,146,899 S $ 59,304,212 $1,536,378,550 $1,906,829,661 ($ 63,303,361) $ $ 574,310 $, [1046.0, 637.0, 2241.0, 661.0]
 $ 2,168,286,553 $ $ 2,446,652 $ 2,170,733,205, [2776.0, 640.0, 3299.0, 660.0]
120,536, [2244.0, 641.0, 2335.0, 660.0]
- ($ 62,608,515) $, [2454.0, 641.0, 2697.0, 660.0]
盈餘分配, [192.0, 684.0, 289.0, 703.0]
特別盈餘公積, [227.0, 709.0, 365.0, 729.0]
3,304,303 (, [1426.0, 713.0, 1560.0, 732.0]
3,304,303), [1581.0, 714.0, 1689.0, 731.0]
現金股利, [233.0, 736.0, 333.0, 753.0]
71,308,546), [1572.0, 737.0, 1689.0, 758.0]
71,308,546), [1733.0, 739.0, 1852.0, 759.0]
71,308,546), [2855.0, 739.0, 2978.0, 758.0]
71,308,546), [3185.0, 741.0, 3302.0, 758.0]
盈餘分配合計, [227.0, 759.0, 403.0, 779.0]
3,304,303, [1429.0, 763.0, 1522.0, 784.0]
74,612,849), [1569.0, 763.0, 1689.0, 782.0]
71,308,546), [1733.0, 763.0, 1852.0, 786.0]
71,308,546), [2862.0, 763.0, 2977.0, 785.0]
71,308,546), [3191.0, 765.0, 3302.0, 784.0]
本期净利, [192.0, 807.0, 286.0, 828.0]
202,732,975, [1569.0, 810.0, 1680.0, 831.0]
202,732,975, [1733.0, 811.0, 1844.0, 832.0]
202,732,975, [2864.0, 812.0, 2975.0, 832.0]
202,873,374, [3191.0, 812.0, 3299.0, 833.0]
140,399, [3056.0, 813.0, 3138.0, 834.0]
本期稅後其他綜合損益, [192.0, 856.0, 397.0, 876.0]
19,649,475, [1897.0, 860.0, 2011.0, 882.0]
679,806, [2241.0, 860.0, 2329.0, 881.0]
15,550,679, [2539.0, 860.0, 2647.0, 881.0]
__ 4,778,602), [2057.0, 861.0, 2171.0, 882.0]
15,550,679, [2866.0, 861.0, 2975.0, 881.0]
139,462), [3056.0, 861.0, 3144.0, 882.0]
15,411,217, [3185.0, 861.0, 3299.0, 882.0]
, [2446.0, 867.0, 2492.0, 879.0]
本期綜合損益總額, [192.0, 905.0, 359.0, 925.0]
4,778,602), [2068.0, 907.0, 2174.0, 931.0]
202,732,975, [1566.0, 908.0, 1680.0, 930.0]
202,732,975, [1727.0, 909.0, 1847.0, 931.0]
19,649,475, [1902.0, 909.0, 2007.0, 930.0]
679,806, [2241.0, 909.0, 2329.0, 930.0]
218,283,654, [2846.0, 909.0, 2975.0, 931.0]
15,550,679, [2548.0, 910.0, 2653.0, 931.0]
937, [3092.0, 911.0, 3138.0, 930.0]
_ 218,284,591, [3167.0, 911.0, 3296.0, 931.0]

, [2451.0, 917.0, 2487.0, 926.0]
', [2782.0, 917.0, 2808.0, 927.0]
股份基礎给付交易, [192.0, 954.0, 359.0, 974.0]
1,387, [812.0, 955.0, 879.0, 976.0]
13,870, [967.0, 955.0, 1034.0, 976.0]
438,029, [1116.0, 957.0, 1198.0, 977.0]
425,224), [2574.0, 957.0, 2659.0, 978.0]
425,224) (, [2411.0, 958.0, 2519.0, 979.0]
26,675, [2904.0, 958.0, 2975.0, 979.0]
26,675, [3229.0, 958.0, 3302.0, 979.0]
 -, [1326.0, 962.0, 1361.0, 974.0]
 -, [1975.0, 962.0, 2010.0, 974.0]
-, [2136.0, 962.0, 2171.0, 975.0]
 - (, [2300.0, 962.0, 2361.0, 976.0]
”, [3106.0, 962.0, 3147.0, 976.0]
 -, [2782.0, 963.0, 2814.0, 975.0]
庫藏股票買回, [192.0, 1004.0, 321.0, 1025.0]
871,566), [3220.0, 1007.0, 3305.0, 1029.0]
871,566), [2893.0, 1008.0, 2983.0, 1028.0]
871,566) (, [2738.0, 1009.0, 2858.0, 1029.0]
 - , [844.0, 1010.0, 882.0, 1023.0]
 - - (, [2612.0, 1011.0, 2682.0, 1028.0]
 - , [3109.0, 1011.0, 3182.0, 1027.0]
-, [1169.0, 1012.0, 1201.0, 1024.0]
', [1329.0, 1012.0, 1361.0, 1023.0]
【, [1654.0, 1012.0, 1689.0, 1024.0]
 ", [1814.0, 1013.0, 1847.0, 1024.0]
-, [1981.0, 1013.0, 2007.0, 1023.0]
 , [2136.0, 1013.0, 2168.0, 1025.0]
處分透過其他綜合損益按公允價值衡量之權益工具投資, [192.0, 1052.0, 669.0, 1075.0]
7,447, [1621.0, 1057.0, 1683.0, 1077.0]
·, [835.0, 1058.0, 891.0, 1074.0]
 7,447, [1779.0, 1058.0, 1844.0, 1077.0]
7,447), [2107.0, 1058.0, 2177.0, 1079.0]
7,447), [2589.0, 1058.0, 2659.0, 1079.0]
 - (, [1978.0, 1060.0, 2042.0, 1077.0]

, [1332.0, 1061.0, 1358.0, 1073.0]
- (, [2463.0, 1061.0, 2525.0, 1077.0]
i, [1171.0, 1062.0, 1198.0, 1072.0]
-, [3270.0, 1062.0, 3302.0, 1075.0]
 1, [2785.0, 1063.0, 2817.0, 1075.0]
”, [2297.0, 1064.0, 2335.0, 1076.0]
 一, [3115.0, 1064.0, 3135.0, 1074.0]
-, [2948.0, 1065.0, 2972.0, 1074.0]
避險工具損益基礎調整, [192.0, 1102.0, 400.0, 1123.0]
2,178), [2270.0, 1106.0, 2338.0, 1126.0]
2,178), [2589.0, 1106.0, 2659.0, 1127.0]
2,178), [3241.0, 1106.0, 3308.0, 1127.0]
《, [847.0, 1109.0, 882.0, 1122.0]
 -, [1651.0, 1109.0, 1689.0, 1122.0]
- (, [2136.0, 1109.0, 2200.0, 1126.0]
 = (, [2460.0, 1109.0, 2522.0, 1126.0]
2,178), [2919.0, 1109.0, 2986.0, 1126.0]
 - , [1806.0, 1110.0, 1849.0, 1123.0]
“, [1975.0, 1110.0, 2013.0, 1123.0]
- - (, [2785.0, 1110.0, 2858.0, 1127.0]
 - , [3106.0, 1110.0, 3182.0, 1126.0]
 -, [1496.0, 1111.0, 1522.0, 1121.0]
採用權益法認列之關聯企業股權淨值之變動數, [192.0, 1151.0, 590.0, 1173.0]
30, [1163.0, 1156.0, 1201.0, 1174.0]
30, [3267.0, 1157.0, 3302.0, 1176.0]
30, [2940.0, 1158.0, 2980.0, 1175.0]
 -, [847.0, 1159.0, 885.0, 1171.0]
 ', [1323.0, 1160.0, 1370.0, 1173.0]
人, [1011.0, 1161.0, 1034.0, 1171.0]

, [1490.0, 1161.0, 1525.0, 1172.0]
 ', [1654.0, 1161.0, 1692.0, 1173.0]
 - , [3106.0, 1161.0, 3147.0, 1175.0]
 ', [1811.0, 1162.0, 1849.0, 1173.0]
", [1975.0, 1162.0, 2016.0, 1174.0]
“, [2136.0, 1162.0, 2180.0, 1174.0]
【, [2297.0, 1162.0, 2335.0, 1173.0]
“, [2460.0, 1162.0, 2504.0, 1174.0]
', [2615.0, 1162.0, 2662.0, 1174.0]
”, [2785.0, 1163.0, 2820.0, 1174.0]
認列對子公司所有權權益變動數, [192.0, 1201.0, 473.0, 1220.0]
15,474, [1128.0, 1203.0, 1198.0, 1223.0]
4,602,855, [3211.0, 1205.0, 3299.0, 1224.0]
15,474, [2910.0, 1206.0, 2975.0, 1223.0]
4,587,381, [3051.0, 1207.0, 3135.0, 1224.0]
非控制權益增加, [192.0, 1252.0, 341.0, 1272.0]
3,688, [3071.0, 1258.0, 3138.0, 1274.0]
_ 3,688, [3220.0, 1258.0, 3299.0, 1275.0]
111 年 3 月 31 日 餘領, [192.0, 1300.0, 385.0, 1320.0]
$ 1,664,506,123, [1537.0, 1302.0, 1687.0, 1324.0]
$ 65,215,135, [1052.0, 1303.0, 1204.0, 1324.0]
$_311,146,899, [1209.0, 1303.0, 1364.0, 1324.0]
$ 798,164 ($ 425,224) ($ 47,492,685) ($, [2177.0, 1303.0, 2709.0, 1324.0]
25,931,767, [765.0, 1304.0, 873.0, 1323.0]
$ 259,317,675, [897.0, 1304.0, 1046.0, 1323.0]
S 62,608,515, [1376.0, 1304.0, 1525.0, 1323.0]
$ 2,038,261,537 ($ 43,653,886) ($ 4,211,739), [1700.0, 1304.0, 2183.0, 1325.0]
871,566), [2720.0, 1305.0, 2826.0, 1324.0]
$ 2,314,430,096, [2820.0, 1305.0, 2975.0, 1325.0]
$ 7,038,658, [2998.0, 1306.0, 3141.0, 1326.0]
$ 2,321,468,754, [3159.0, 1306.0, 3299.0, 1326.0]
112年1月1日餘額, [195.0, 1351.0, 377.0, 1368.0]
$ 69,330,328 $ 311,146,899 $ $ 3,154,310 $ 2,323,223,479, [1043.0, 1351.0, 1695.0, 1371.0]
25,930,380, [771.0, 1352.0, 879.0, 1369.0]
$ 2,637,524,688 ($ 11,743,301) ($ 10,056,353) $ 1,479,181 ($, [1697.0, 1352.0, 2378.0, 1372.0]
185,153) ($ 20,505,626) $, [2408.0, 1352.0, 2709.0, 1373.0]
$ 259,303,805, [897.0, 1353.0, 1049.0, 1370.0]
 - $ 2,945,653,195, [2729.0, 1353.0, 2986.0, 1372.0]
$ 14,835,672, [2989.0, 1353.0, 3144.0, 1372.0]
$ 2,960,488,867, [3159.0, 1355.0, 3299.0, 1372.0]
盈餘分配, [195.0, 1401.0, 292.0, 1417.0]
特別盈餘公積, [230.0, 1424.0, 368.0, 1443.0]
17,166,163, [1420.0, 1427.0, 1525.0, 1446.0]
( 17,166,163), [1525.0, 1428.0, 1689.0, 1445.0]
現金股利, [230.0, 1451.0, 333.0, 1468.0]
71,308,546), [1569.0, 1452.0, 1689.0, 1471.0]
71,308,546), [1733.0, 1452.0, 1849.0, 1472.0]
71,308,546), [2858.0, 1452.0, 2980.0, 1472.0]
 71,308,546), [3194.0, 1453.0, 3302.0, 1472.0]
盈餘分配合計, [268.0, 1474.0, 403.0, 1493.0]
17,166,163, [1417.0, 1476.0, 1522.0, 1495.0]
71,308,546), [1727.0, 1477.0, 1849.0, 1498.0]
88,474,709), [1575.0, 1478.0, 1689.0, 1495.0]
71,308,546), [2869.0, 1478.0, 2983.0, 1497.0]
71,308,546), [3200.0, 1479.0, 3302.0, 1496.0]
本期淨利, [192.0, 1521.0, 286.0, 1542.0]
206,986,561, [1569.0, 1525.0, 1677.0, 1544.0]
206,986,561, [1733.0, 1525.0, 1841.0, 1544.0]
206,986,561, [2861.0, 1525.0, 2989.0, 1545.0]
37,525), [3068.0, 1526.0, 3141.0, 1545.0]
206,949,036, [3191.0, 1526.0, 3299.0, 1545.0]
本期稅後其他綜合損益, [192.0, 1571.0, 400.0, 1591.0]
12,675 , [2259.0, 1573.0, 2662.0, 1596.0]
1,915,947, [2063.0, 1574.0, 2168.0, 1595.0]
5,080,466), [1905.0, 1575.0, 2013.0, 1594.0]
(_ 3,151,844), [2828.0, 1576.0, 2989.0, 1595.0]
143,929), [3059.0, 1577.0, 3150.0, 1594.0]
3,295,773), [3208.0, 1577.0, 3302.0, 1594.0]
, [2668.0, 1578.0, 2761.0, 1593.0]
本期綜合損益總額, [192.0, 1621.0, 359.0, 1640.0]
12,675, [2259.0, 1623.0, 2332.0, 1644.0]
206,986,561, [1563.0, 1624.0, 1677.0, 1643.0]
206,986,561, [1727.0, 1624.0, 1844.0, 1643.0]
5,080,466), [1905.0, 1624.0, 2013.0, 1644.0]
1,915,947, [2063.0, 1624.0, 2168.0, 1644.0]
3,151,844), [2551.0, 1624.0, 2662.0, 1645.0]
___, [2353.0, 1625.0, 2519.0, 1643.0]
, [2659.0, 1625.0, 2811.0, 1644.0]
_203,834,717, [2840.0, 1625.0, 2978.0, 1644.0]
181,454), [3056.0, 1625.0, 3147.0, 1644.0]
203,653,263, [3182.0, 1626.0, 3299.0, 1643.0]

, [1852.0, 1627.0, 1887.0, 1638.0]
限制員工權利新股待註銷, [192.0, 1670.0, 423.0, 1690.0]
419) (, [829.0, 1672.0, 911.0, 1693.0]
4,195), [976.0, 1673.0, 1043.0, 1692.0]
4,195, [1133.0, 1673.0, 1198.0, 1692.0]
4,614, [1624.0, 1673.0, 1683.0, 1693.0]
 4,614, [1782.0, 1674.0, 1841.0, 1693.0]
4,614, [2913.0, 1674.0, 2975.0, 1693.0]
4,614, [3241.0, 1674.0, 3302.0, 1694.0]
, [1247.0, 1677.0, 1382.0, 1690.0]
 ', [1975.0, 1677.0, 2013.0, 1691.0]
, [2571.0, 1678.0, 2659.0, 1691.0]
一, [3112.0, 1679.0, 3135.0, 1690.0]
股份基礎给付交易, [192.0, 1720.0, 359.0, 1739.0]
2,110, [812.0, 1720.0, 876.0, 1740.0]
21,100, [964.0, 1721.0, 1034.0, 1740.0]
95,783, [3232.0, 1721.0, 3302.0, 1741.0]
564,868, [1119.0, 1722.0, 1198.0, 1739.0]
490,185) (, [2411.0, 1722.0, 2522.0, 1741.0]
490,185), [2574.0, 1722.0, 2659.0, 1741.0]
95,783, [2907.0, 1723.0, 2978.0, 1740.0]
 |, [1326.0, 1725.0, 1370.0, 1738.0]
- - (, [2300.0, 1725.0, 2367.0, 1739.0]
 , [1785.0, 1726.0, 1847.0, 1738.0]
 -, [2136.0, 1726.0, 2168.0, 1738.0]
【, [3109.0, 1726.0, 3141.0, 1739.0]
處分透過其他綜合損益按公允價值衡量之權益工具投資, [192.0, 1767.0, 666.0, 1788.0]
80,753), [2095.0, 1770.0, 2174.0, 1790.0]
80,753), [2583.0, 1771.0, 2659.0, 1790.0]
80,753, [1619.0, 1772.0, 1683.0, 1789.0]
80,753, [1773.0, 1772.0, 1852.0, 1789.0]
 - (, [2457.0, 1772.0, 2522.0, 1789.0]
”, [844.0, 1773.0, 882.0, 1787.0]
- - (, [1975.0, 1773.0, 2039.0, 1788.0]
“, [1166.0, 1774.0, 1201.0, 1786.0]
 -, [1329.0, 1774.0, 1364.0, 1785.0]
。, [3270.0, 1775.0, 3296.0, 1786.0]
 -, [2300.0, 1776.0, 2332.0, 1787.0]
-, [2948.0, 1776.0, 2972.0, 1786.0]
避險工具損益基礎調整, [192.0, 1817.0, 400.0, 1837.0]
40,855), [2586.0, 1820.0, 2659.0, 1840.0]
40,855), [3232.0, 1820.0, 3305.0, 1840.0]
40,855), [2262.0, 1821.0, 2335.0, 1840.0]
40,855), [2907.0, 1821.0, 2983.0, 1840.0]
- - (, [2133.0, 1822.0, 2203.0, 1839.0]
 ', [844.0, 1823.0, 885.0, 1836.0]
- - (, [2460.0, 1823.0, 2522.0, 1839.0]
”, [1169.0, 1824.0, 1195.0, 1835.0]
i, [1493.0, 1824.0, 1525.0, 1837.0]
“, [1811.0, 1824.0, 1844.0, 1836.0]
 - , [3109.0, 1824.0, 3173.0, 1838.0]
i, [1978.0, 1825.0, 2013.0, 1837.0]
- (, [2788.0, 1825.0, 2855.0, 1839.0]
採用權益法認列之關聯企業股權淨值之變動數, [192.0, 1865.0, 590.0, 1886.0]
109, [1154.0, 1868.0, 1198.0, 1886.0]
109, [2934.0, 1869.0, 2975.0, 1887.0]
109, [3258.0, 1870.0, 3302.0, 1887.0]
 , [844.0, 1871.0, 882.0, 1884.0]
 1, [1008.0, 1871.0, 1043.0, 1884.0]
！, [2621.0, 1872.0, 2656.0, 1886.0]
-, [3106.0, 1873.0, 3138.0, 1886.0]
 認列對子公司所有權權益變動數, [192.0, 1914.0, 473.0, 1935.0]
5,059), [1136.0, 1917.0, 1204.0, 1937.0]
5,059, [3077.0, 1918.0, 3138.0, 1938.0]
5,059), [2916.0, 1919.0, 2986.0, 1938.0]
- (, [1011.0, 1920.0, 1069.0, 1934.0]
 , [847.0, 1921.0, 885.0, 1933.0]
“, [2609.0, 1921.0, 2662.0, 1935.0]
“, [1329.0, 1922.0, 1367.0, 1934.0]
 - , [1490.0, 1922.0, 1528.0, 1934.0]
 ', [1969.0, 1922.0, 2022.0, 1935.0]
 ·, [2136.0, 1922.0, 2174.0, 1934.0]
 ·, [2457.0, 1922.0, 2507.0, 1935.0]
- - (, [2788.0, 1922.0, 2855.0, 1936.0]
 ', [3267.0, 1922.0, 3305.0, 1936.0]
非控制權益增加, [192.0, 1964.0, 341.0, 1984.0]
4,363, [3071.0, 1970.0, 3141.0, 1987.0]
4,363, [3235.0, 1970.0, 3299.0, 1985.0]
112年3月31日餘額, [189.0, 2011.0, 388.0, 2032.0]
$ 259,320,710, [885.0, 2014.0, 1046.0, 2035.0]
$ 69,894,441, [1046.0, 2014.0, 1201.0, 2035.0]
5_301,146,899_ S_20,321,932,952,952,85,90,000 ($ 16,120,767) ($ 8,221,159) 5 1,65,000 (5 57,388) (8 24,269,269) S = - 8,100,23,588, [1209.0, 2014.0, 2978.0, 2037.0]
___ 25,932,071, [742.0, 2015.0, 876.0, 2034.0]
$ 14,663,640, [2989.0, 2016.0, 3141.0, 2036.0]
$ 3,092,897,598, [3156.0, 2018.0, 3299.0, 2035.0]
後附之附註條本合併財務報告之一部分。, [1516.0, 2133.0, 1969.0, 2153.0]
董事長:, [187.0, 2276.0, 286.0, 2298.0]
會計 主管, [2203.0, 2279.0, 2314.0, 2299.0]
經理人, [1201.0, 2280.0, 1280.0, 2297.0]
台灣積, [1513.0, 259.0, 1592.0, 279.0]
公司, [1914.0, 261.0, 1975.0, 278.0]
民國, [1508.0, 334.0, 1578.0, 355.0]
31 日, [1917.0, 336.0, 1981.0, 352.0]
單位:新台幣仟元, [3089.0, 411.0, 3302.0, 433.0]
博, [1396.0, 486.0, 1429.0, 501.0]
公, [1619.0, 486.0, 1645.0, 500.0]
壤, [2729.0, 486.0, 2761.0, 503.0]
於, [1174.0, 487.0, 1201.0, 500.0]
之, [2504.0, 488.0, 2530.0, 503.0]
   , [2945.0, 489.0, 2978.0, 504.0]
 में, [1858.0, 512.0, 1885.0, 528.0]
, [2317.0, 514.0, 2340.0, 527.0]
他, [2013.0, 515.0, 2039.0, 528.0]
項, [2472.0, 515.0, 2504.0, 529.0]
官, [2624.0, 515.0, 2656.0, 529.0]
造過其他綜合, [2019.0, 540.0, 2174.0, 557.0]
損益按公允價值, [2019.0, 564.0, 2177.0, 581.0]
普 通 股 發 行 股 本, [725.0, 583.0, 1046.0, 605.0]
餘  國外營運機構財務 衡量之金融資產, [1814.0, 586.0, 2177.0, 607.0]
保, [1209.0, 588.0, 1242.0, 601.0]
母公司 紫主, [2823.0, 588.0, 2980.0, 608.0]
图, [1411.0, 589.0, 1446.0, 602.0]
网, [1610.0, 591.0, 1651.0, 605.0]
篇 页 本 注 话 法足图统公用 特别是投资商 本台出品牌 开留且的合作 辅助解决税组织 太阳视频道 退险工具负立 真工娱乐网址 昆虫推动合 苹 威 线 票 优 型 多 对 齐 控 利 提 推 适 合 利, [999.0, 610.0, 3302.0, 635.0]
股數(仟股) 金, [727.0, 613.0, 920.0, 629.0]
111年1月1日餘額, [189.0, 635.0, 377.0, 655.0]
25,930,380 $ 259,303,805, [765.0, 637.0, 1046.0, 657.0]
S 64,761,612 S 311,146,899 S 311,146,899 S $ 59,304,212 $1,536,378,550 $1,906,829,661 ($ 63,303,361) $ $ 574,310 $, [1046.0, 637.0, 2241.0, 661.0]
 $ 2,168,286,553 $ $ 2,446,652 $ 2,170,733,205, [2776.0, 640.0, 3299.0, 660.0]
120,536, [2244.0, 641.0, 2335.0, 660.0]
- ($ 62,608,515) $, [2454.0, 641.0, 2697.0, 660.0]
盈餘分配, [192.0, 684.0, 289.0, 703.0]
特別盈餘公積, [227.0, 709.0, 365.0, 729.0]
3,304,303 (, [1426.0, 713.0, 1560.0, 732.0]
3,304,303), [1581.0, 714.0, 1689.0, 731.0]
現金股利, [233.0, 736.0, 333.0, 753.0]
71,308,546), [1572.0, 737.0, 1689.0, 758.0]
71,308,546), [1733.0, 739.0, 1852.0, 759.0]
71,308,546), [2855.0, 739.0, 2978.0, 758.0]
71,308,546), [3185.0, 741.0, 3302.0, 758.0]
盈餘分配合計, [227.0, 759.0, 403.0, 779.0]
3,304,303, [1429.0, 763.0, 1522.0, 784.0]
74,612,849), [1569.0, 763.0, 1689.0, 782.0]
71,308,546), [1733.0, 763.0, 1852.0, 786.0]
71,308,546), [2862.0, 763.0, 2977.0, 785.0]
71,308,546), [3191.0, 765.0, 3302.0, 784.0]
本期净利, [192.0, 807.0, 286.0, 828.0]
202,732,975, [1569.0, 810.0, 1680.0, 831.0]
202,732,975, [1733.0, 811.0, 1844.0, 832.0]
202,732,975, [2864.0, 812.0, 2975.0, 832.0]
202,873,374, [3191.0, 812.0, 3299.0, 833.0]
140,399, [3056.0, 813.0, 3138.0, 834.0]
本期稅後其他綜合損益, [192.0, 856.0, 397.0, 876.0]
19,649,475, [1897.0, 860.0, 2011.0, 882.0]
679,806, [2241.0, 860.0, 2329.0, 881.0]
15,550,679, [2539.0, 860.0, 2647.0, 881.0]
__ 4,778,602), [2057.0, 861.0, 2171.0, 882.0]
15,550,679, [2866.0, 861.0, 2975.0, 881.0]
139,462), [3056.0, 861.0, 3144.0, 882.0]
15,411,217, [3185.0, 861.0, 3299.0, 882.0]
, [2446.0, 867.0, 2492.0, 879.0]
本期綜合損益總額, [192.0, 905.0, 359.0, 925.0]
4,778,602), [2068.0, 907.0, 2174.0, 931.0]
202,732,975, [1566.0, 908.0, 1680.0, 930.0]
202,732,975, [1727.0, 909.0, 1847.0, 931.0]
19,649,475, [1902.0, 909.0, 2007.0, 930.0]
679,806, [2241.0, 909.0, 2329.0, 930.0]
218,283,654, [2846.0, 909.0, 2975.0, 931.0]
15,550,679, [2548.0, 910.0, 2653.0, 931.0]
937, [3092.0, 911.0, 3138.0, 930.0]
_ 218,284,591, [3167.0, 911.0, 3296.0, 931.0]

, [2451.0, 917.0, 2487.0, 926.0]
', [2782.0, 917.0, 2808.0, 927.0]
股份基礎给付交易, [192.0, 954.0, 359.0, 974.0]
1,387, [812.0, 955.0, 879.0, 976.0]
13,870, [967.0, 955.0, 1034.0, 976.0]
438,029, [1116.0, 957.0, 1198.0, 977.0]
425,224), [2574.0, 957.0, 2659.0, 978.0]
425,224) (, [2411.0, 958.0, 2519.0, 979.0]
26,675, [2904.0, 958.0, 2975.0, 979.0]
26,675, [3229.0, 958.0, 3302.0, 979.0]
 -, [1326.0, 962.0, 1361.0, 974.0]
 -, [1975.0, 962.0, 2010.0, 974.0]
-, [2136.0, 962.0, 2171.0, 975.0]
 - (, [2300.0, 962.0, 2361.0, 976.0]
”, [3106.0, 962.0, 3147.0, 976.0]
 -, [2782.0, 963.0, 2814.0, 975.0]
庫藏股票買回, [192.0, 1004.0, 321.0, 1025.0]
871,566), [3220.0, 1007.0, 3305.0, 1029.0]
871,566), [2893.0, 1008.0, 2983.0, 1028.0]
871,566) (, [2738.0, 1009.0, 2858.0, 1029.0]
 - , [844.0, 1010.0, 882.0, 1023.0]
 - - (, [2612.0, 1011.0, 2682.0, 1028.0]
 - , [3109.0, 1011.0, 3182.0, 1027.0]
-, [1169.0, 1012.0, 1201.0, 1024.0]
', [1329.0, 1012.0, 1361.0, 1023.0]
【, [1654.0, 1012.0, 1689.0, 1024.0]
 ", [1814.0, 1013.0, 1847.0, 1024.0]
-, [1981.0, 1013.0, 2007.0, 1023.0]
 , [2136.0, 1013.0, 2168.0, 1025.0]
處分透過其他綜合損益按公允價值衡量之權益工具投資, [192.0, 1052.0, 669.0, 1075.0]
7,447, [1621.0, 1057.0, 1683.0, 1077.0]
·, [835.0, 1058.0, 891.0, 1074.0]
 7,447, [1779.0, 1058.0, 1844.0, 1077.0]
7,447), [2107.0, 1058.0, 2177.0, 1079.0]
7,447), [2589.0, 1058.0, 2659.0, 1079.0]
 - (, [1978.0, 1060.0, 2042.0, 1077.0]

, [1332.0, 1061.0, 1358.0, 1073.0]
- (, [2463.0, 1061.0, 2525.0, 1077.0]
i, [1171.0, 1062.0, 1198.0, 1072.0]
-, [3270.0, 1062.0, 3302.0, 1075.0]
 1, [2785.0, 1063.0, 2817.0, 1075.0]
”, [2297.0, 1064.0, 2335.0, 1076.0]
 一, [3115.0, 1064.0, 3135.0, 1074.0]
-, [2948.0, 1065.0, 2972.0, 1074.0]
避險工具損益基礎調整, [192.0, 1102.0, 400.0, 1123.0]
2,178), [2270.0, 1106.0, 2338.0, 1126.0]
2,178), [2589.0, 1106.0, 2659.0, 1127.0]
2,178), [3241.0, 1106.0, 3308.0, 1127.0]
《, [847.0, 1109.0, 882.0, 1122.0]
 -, [1651.0, 1109.0, 1689.0, 1122.0]
- (, [2136.0, 1109.0, 2200.0, 1126.0]
 = (, [2460.0, 1109.0, 2522.0, 1126.0]
2,178), [2919.0, 1109.0, 2986.0, 1126.0]
 - , [1806.0, 1110.0, 1849.0, 1123.0]
“, [1975.0, 1110.0, 2013.0, 1123.0]
- - (, [2785.0, 1110.0, 2858.0, 1127.0]
 - , [3106.0, 1110.0, 3182.0, 1126.0]
 -, [1496.0, 1111.0, 1522.0, 1121.0]
採用權益法認列之關聯企業股權淨值之變動數, [192.0, 1151.0, 590.0, 1173.0]
30, [1163.0, 1156.0, 1201.0, 1174.0]
30, [3267.0, 1157.0, 3302.0, 1176.0]
30, [2940.0, 1158.0, 2980.0, 1175.0]
 -, [847.0, 1159.0, 885.0, 1171.0]
 ', [1323.0, 1160.0, 1370.0, 1173.0]
人, [1011.0, 1161.0, 1034.0, 1171.0]

, [1490.0, 1161.0, 1525.0, 1172.0]
 ', [1654.0, 1161.0, 1692.0, 1173.0]
 - , [3106.0, 1161.0, 3147.0, 1175.0]
 ', [1811.0, 1162.0, 1849.0, 1173.0]
", [1975.0, 1162.0, 2016.0, 1174.0]
“, [2136.0, 1162.0, 2180.0, 1174.0]
【, [2297.0, 1162.0, 2335.0, 1173.0]
“, [2460.0, 1162.0, 2504.0, 1174.0]
', [2615.0, 1162.0, 2662.0, 1174.0]
”, [2785.0, 1163.0, 2820.0, 1174.0]
認列對子公司所有權權益變動數, [192.0, 1201.0, 473.0, 1220.0]
15,474, [1128.0, 1203.0, 1198.0, 1223.0]
4,602,855, [3211.0, 1205.0, 3299.0, 1224.0]
15,474, [2910.0, 1206.0, 2975.0, 1223.0]
4,587,381, [3051.0, 1207.0, 3135.0, 1224.0]
非控制權益增加, [192.0, 1252.0, 341.0, 1272.0]
3,688, [3071.0, 1258.0, 3138.0, 1274.0]
_ 3,688, [3220.0, 1258.0, 3299.0, 1275.0]
111 年 3 月 31 日 餘領, [192.0, 1300.0, 385.0, 1320.0]
$ 1,664,506,123, [1537.0, 1302.0, 1687.0, 1324.0]
$ 65,215,135, [1052.0, 1303.0, 1204.0, 1324.0]
$_311,146,899, [1209.0, 1303.0, 1364.0, 1324.0]
$ 798,164 ($ 425,224) ($ 47,492,685) ($, [2177.0, 1303.0, 2709.0, 1324.0]
25,931,767, [765.0, 1304.0, 873.0, 1323.0]
$ 259,317,675, [897.0, 1304.0, 1046.0, 1323.0]
S 62,608,515, [1376.0, 1304.0, 1525.0, 1323.0]
$ 2,038,261,537 ($ 43,653,886) ($ 4,211,739), [1700.0, 1304.0, 2183.0, 1325.0]
871,566), [2720.0, 1305.0, 2826.0, 1324.0]
$ 2,314,430,096, [2820.0, 1305.0, 2975.0, 1325.0]
$ 7,038,658, [2998.0, 1306.0, 3141.0, 1326.0]
$ 2,321,468,754, [3159.0, 1306.0, 3299.0, 1326.0]
112年1月1日餘額, [195.0, 1351.0, 377.0, 1368.0]
$ 69,330,328 $ 311,146,899 $ $ 3,154,310 $ 2,323,223,479, [1043.0, 1351.0, 1695.0, 1371.0]
25,930,380, [771.0, 1352.0, 879.0, 1369.0]
$ 2,637,524,688 ($ 11,743,301) ($ 10,056,353) $ 1,479,181 ($, [1697.0, 1352.0, 2378.0, 1372.0]
185,153) ($ 20,505,626) $, [2408.0, 1352.0, 2709.0, 1373.0]
$ 259,303,805, [897.0, 1353.0, 1049.0, 1370.0]
 - $ 2,945,653,195, [2729.0, 1353.0, 2986.0, 1372.0]
$ 14,835,672, [2989.0, 1353.0, 3144.0, 1372.0]
$ 2,960,488,867, [3159.0, 1355.0, 3299.0, 1372.0]
盈餘分配, [195.0, 1401.0, 292.0, 1417.0]
特別盈餘公積, [230.0, 1424.0, 368.0, 1443.0]
17,166,163, [1420.0, 1427.0, 1525.0, 1446.0]
( 17,166,163), [1525.0, 1428.0, 1689.0, 1445.0]
現金股利, [230.0, 1451.0, 333.0, 1468.0]
71,308,546), [1569.0, 1452.0, 1689.0, 1471.0]
71,308,546), [1733.0, 1452.0, 1849.0, 1472.0]
71,308,546), [2858.0, 1452.0, 2980.0, 1472.0]
 71,308,546), [3194.0, 1453.0, 3302.0, 1472.0]
盈餘分配合計, [268.0, 1474.0, 403.0, 1493.0]
17,166,163, [1417.0, 1476.0, 1522.0, 1495.0]
71,308,546), [1727.0, 1477.0, 1849.0, 1498.0]
88,474,709), [1575.0, 1478.0, 1689.0, 1495.0]
71,308,546), [2869.0, 1478.0, 2983.0, 1497.0]
71,308,546), [3200.0, 1479.0, 3302.0, 1496.0]
本期淨利, [192.0, 1521.0, 286.0, 1542.0]
206,986,561, [1569.0, 1525.0, 1677.0, 1544.0]
206,986,561, [1733.0, 1525.0, 1841.0, 1544.0]
206,986,561, [2861.0, 1525.0, 2989.0, 1545.0]
37,525), [3068.0, 1526.0, 3141.0, 1545.0]
206,949,036, [3191.0, 1526.0, 3299.0, 1545.0]
本期稅後其他綜合損益, [192.0, 1571.0, 400.0, 1591.0]
12,675 , [2259.0, 1573.0, 2662.0, 1596.0]
1,915,947, [2063.0, 1574.0, 2168.0, 1595.0]
5,080,466), [1905.0, 1575.0, 2013.0, 1594.0]
(_ 3,151,844), [2828.0, 1576.0, 2989.0, 1595.0]
143,929), [3059.0, 1577.0, 3150.0, 1594.0]
3,295,773), [3208.0, 1577.0, 3302.0, 1594.0]
, [2668.0, 1578.0, 2761.0, 1593.0]
本期綜合損益總額, [192.0, 1621.0, 359.0, 1640.0]
12,675, [2259.0, 1623.0, 2332.0, 1644.0]
206,986,561, [1563.0, 1624.0, 1677.0, 1643.0]
206,986,561, [1727.0, 1624.0, 1844.0, 1643.0]
5,080,466), [1905.0, 1624.0, 2013.0, 1644.0]
1,915,947, [2063.0, 1624.0, 2168.0, 1644.0]
3,151,844), [2551.0, 1624.0, 2662.0, 1645.0]
___, [2353.0, 1625.0, 2519.0, 1643.0]
, [2659.0, 1625.0, 2811.0, 1644.0]
_203,834,717, [2840.0, 1625.0, 2978.0, 1644.0]
181,454), [3056.0, 1625.0, 3147.0, 1644.0]
203,653,263, [3182.0, 1626.0, 3299.0, 1643.0]

, [1852.0, 1627.0, 1887.0, 1638.0]
限制員工權利新股待註銷, [192.0, 1670.0, 423.0, 1690.0]
419) (, [829.0, 1672.0, 911.0, 1693.0]
4,195), [976.0, 1673.0, 1043.0, 1692.0]
4,195, [1133.0, 1673.0, 1198.0, 1692.0]
4,614, [1624.0, 1673.0, 1683.0, 1693.0]
 4,614, [1782.0, 1674.0, 1841.0, 1693.0]
4,614, [2913.0, 1674.0, 2975.0, 1693.0]
4,614, [3241.0, 1674.0, 3302.0, 1694.0]
, [1247.0, 1677.0, 1382.0, 1690.0]
 ', [1975.0, 1677.0, 2013.0, 1691.0]
, [2571.0, 1678.0, 2659.0, 1691.0]
一, [3112.0, 1679.0, 3135.0, 1690.0]
股份基礎给付交易, [192.0, 1720.0, 359.0, 1739.0]
2,110, [812.0, 1720.0, 876.0, 1740.0]
21,100, [964.0, 1721.0, 1034.0, 1740.0]
95,783, [3232.0, 1721.0, 3302.0, 1741.0]
564,868, [1119.0, 1722.0, 1198.0, 1739.0]
490,185) (, [2411.0, 1722.0, 2522.0, 1741.0]
490,185), [2574.0, 1722.0, 2659.0, 1741.0]
95,783, [2907.0, 1723.0, 2978.0, 1740.0]
 |, [1326.0, 1725.0, 1370.0, 1738.0]
- - (, [2300.0, 1725.0, 2367.0, 1739.0]
 , [1785.0, 1726.0, 1847.0, 1738.0]
 -, [2136.0, 1726.0, 2168.0, 1738.0]
【, [3109.0, 1726.0, 3141.0, 1739.0]
處分透過其他綜合損益按公允價值衡量之權益工具投資, [192.0, 1767.0, 666.0, 1788.0]
80,753), [2095.0, 1770.0, 2174.0, 1790.0]
80,753), [2583.0, 1771.0, 2659.0, 1790.0]
80,753, [1619.0, 1772.0, 1683.0, 1789.0]
80,753, [1773.0, 1772.0, 1852.0, 1789.0]
 - (, [2457.0, 1772.0, 2522.0, 1789.0]
”, [844.0, 1773.0, 882.0, 1787.0]
- - (, [1975.0, 1773.0, 2039.0, 1788.0]
“, [1166.0, 1774.0, 1201.0, 1786.0]
 -, [1329.0, 1774.0, 1364.0, 1785.0]
。, [3270.0, 1775.0, 3296.0, 1786.0]
 -, [2300.0, 1776.0, 2332.0, 1787.0]
-, [2948.0, 1776.0, 2972.0, 1786.0]
避險工具損益基礎調整, [192.0, 1817.0, 400.0, 1837.0]
40,855), [2586.0, 1820.0, 2659.0, 1840.0]
40,855), [3232.0, 1820.0, 3305.0, 1840.0]
40,855), [2262.0, 1821.0, 2335.0, 1840.0]
40,855), [2907.0, 1821.0, 2983.0, 1840.0]
- - (, [2133.0, 1822.0, 2203.0, 1839.0]
 ', [844.0, 1823.0, 885.0, 1836.0]
- - (, [2460.0, 1823.0, 2522.0, 1839.0]
”, [1169.0, 1824.0, 1195.0, 1835.0]
i, [1493.0, 1824.0, 1525.0, 1837.0]
“, [1811.0, 1824.0, 1844.0, 1836.0]
 - , [3109.0, 1824.0, 3173.0, 1838.0]
i, [1978.0, 1825.0, 2013.0, 1837.0]
- (, [2788.0, 1825.0, 2855.0, 1839.0]
採用權益法認列之關聯企業股權淨值之變動數, [192.0, 1865.0, 590.0, 1886.0]
109, [1154.0, 1868.0, 1198.0, 1886.0]
109, [2934.0, 1869.0, 2975.0, 1887.0]
109, [3258.0, 1870.0, 3302.0, 1887.0]
 , [844.0, 1871.0, 882.0, 1884.0]
 1, [1008.0, 1871.0, 1043.0, 1884.0]
！, [2621.0, 1872.0, 2656.0, 1886.0]
-, [3106.0, 1873.0, 3138.0, 1886.0]
 認列對子公司所有權權益變動數, [192.0, 1914.0, 473.0, 1935.0]
5,059), [1136.0, 1917.0, 1204.0, 1937.0]
5,059, [3077.0, 1918.0, 3138.0, 1938.0]
5,059), [2916.0, 1919.0, 2986.0, 1938.0]
- (, [1011.0, 1920.0, 1069.0, 1934.0]
 , [847.0, 1921.0, 885.0, 1933.0]
“, [2609.0, 1921.0, 2662.0, 1935.0]
“, [1329.0, 1922.0, 1367.0, 1934.0]
 - , [1490.0, 1922.0, 1528.0, 1934.0]
 ', [1969.0, 1922.0, 2022.0, 1935.0]
 ·, [2136.0, 1922.0, 2174.0, 1934.0]
 ·, [2457.0, 1922.0, 2507.0, 1935.0]
- - (, [2788.0, 1922.0, 2855.0, 1936.0]
 ', [3267.0, 1922.0, 3305.0, 1936.0]
非控制權益增加, [192.0, 1964.0, 341.0, 1984.0]
4,363, [3071.0, 1970.0, 3141.0, 1987.0]
4,363, [3235.0, 1970.0, 3299.0, 1985.0]
112年3月31日餘額, [189.0, 2011.0, 388.0, 2032.0]
$ 259,320,710, [885.0, 2014.0, 1046.0, 2035.0]
$ 69,894,441, [1046.0, 2014.0, 1201.0, 2035.0]
5_301,146,899_ S_20,321,932,952,952,85,90,000 ($ 16,120,767) ($ 8,221,159) 5 1,65,000 (5 57,388) (8 24,269,269) S = - 8,100,23,588, [1209.0, 2014.0, 2978.0, 2037.0]
___ 25,932,071, [742.0, 2015.0, 876.0, 2034.0]
$ 14,663,640, [2989.0, 2016.0, 3141.0, 2036.0]
$ 3,092,897,598, [3156.0, 2018.0, 3299.0, 2035.0]
後附之附註條本合併財務報告之一部分。, [1516.0, 2133.0, 1969.0, 2153.0]
董事長:, [187.0, 2276.0, 286.0, 2298.0]
會計 主管, [2203.0, 2279.0, 2314.0, 2299.0]
經理人, [1201.0, 2280.0, 1280.0, 2297.0]
