Deloitte., [215.0, 102.0, 808.0, 208.0]
動業示信, [1751.0, 102.0, 2090.0, 175.0]
勤業眾信聯合會計師事務所, [1759.0, 204.0, 2094.0, 230.0]
11073 台北市信義區松仁路100號20樓, [1757.0, 245.0, 2232.0, 270.0]
Deloitte & Touche, [1757.0, 323.0, 1991.0, 346.0]
20F, Taipei Nan Shan Plaza, [1759.0, 363.0, 2100.0, 387.0]
No. 100, Songren Rd.,, [1757.0, 403.0, 2036.0, 427.0]
Xinyi Dist., Taipei 11073, Taiwan, [1757.0, 442.0, 2152.0, 468.0]
Tel :+886 (2) 2725-9988, [1759.0, 522.0, 2057.0, 545.0]
Fax:+886 (2) 4051-6888, [1757.0, 561.0, 2057.0, 583.0]
www.deloitte.com.tw, [1757.0, 601.0, 2022.0, 625.0]
會計師核閱報告, [1060.0, 676.0, 1465.0, 713.0]
公 参 :, [1128.0, 823.0, 1319.0, 857.0]
台灣積體電路製造股份有限公司, [289.0, 824.0, 1103.0, 859.0]
前, [287.0, 971.0, 339.0, 1010.0]
|10, [465.0, 975.0, 514.0, 1009.0]
台灣積體電路製造股份有限公司及其子公司（以下簡稱台積公司及其子, [409.0, 1042.0, 2236.0, 1081.0]
公司）民國 111年及 110年 3 月 31 日之合併資產負債表,暨民國 111 年及, [283.0, 1118.0, 2239.0, 1159.0]
110年1月1日至3月31日之合併綜合損益表、合併權益變動表與合併現金, [279.0, 1190.0, 2234.0, 1234.0]
流量表,以及合併財務報表附註（包括重大會計政策彙總）,業經本會計師核, [282.0, 1273.0, 2238.0, 1309.0]
閱獎事。依證券發行人財務報告編製準則及經金融監督管理委員會認可並發, [285.0, 1347.0, 2238.0, 1383.0]
布生效之國際會計準則第 34號 期中財務報導 | 編製允當表達之財務報表係, [285.0, 1420.0, 2239.0, 1461.0]
管理 階層之責任,本會計師之責任係依據核閱結果對合併財務報表作成結論。, [285.0, 1498.0, 2226.0, 1535.0]
範, [287.0, 1574.0, 351.0, 1614.0]
直, [463.0, 1577.0, 523.0, 1612.0]
本會計師像依照審計準則公報第六十五號' 財務報表之核閱 |執行核閱工, [404.0, 1648.0, 2238.0, 1682.0]
作。核閱合併財務報表時所執行之程序包括查詢(主要向負責財務與會計事務, [285.0, 1724.0, 2236.0, 1758.0]
之人員查詢)、分析性程序及其他核聞程序。核閱工作之範圍明顯小於查核工, [287.0, 1797.0, 2241.0, 1834.0]
作之範圍,因此本會計師可能無法察覺所有可藉由查核工作辨認之重大事項,, [285.0, 1873.0, 2226.0, 1911.0]
故無法表示查核意見。, [286.0, 1949.0, 861.0, 1985.0]
与, [289.0, 2027.0, 345.0, 2062.0]
命, [458.0, 2027.0, 525.0, 2061.0]
依本會計師核閣結果,並未發現上開合併財務報表在所有童大方面有未, [407.0, 2097.0, 2237.0, 2134.0]
依照證券發行人財務報告編製準則及經金融監督管理委員會認可並發布生效, [285.0, 2174.0, 2238.0, 2209.0]
之國際會計準則第 34號 | 期中財務報導 」編製,致無法允當表達台積公司及, [287.0, 2243.0, 2241.0, 2291.0]
其子公司民國 111年及 110年 3月 31日之合併財務狀況,暨民國 111年及, [284.0, 2325.0, 2240.0, 2360.0]
110年, [285.0, 2398.0, 452.0, 2434.0]
1月1日, [454.0, 2398.0, 684.0, 2435.0]
至 3月 31 日之合併財務績效及合併現金流量之情事, [678.0, 2398.0, 1993.0, 2437.0]
勤業眾信聯合會計師事務所, [292.0, 2543.0, 992.0, 2575.0]
師, [1488.0, 2604.0, 1536.0, 2633.0]
新, [1393.0, 2606.0, 1438.0, 2637.0]
美, [787.0, 2608.0, 829.0, 2638.0]
-, [386.0, 2610.0, 438.0, 2643.0]
官, [481.0, 2610.0, 531.0, 2640.0]
江, [628.0, 2610.0, 678.0, 2637.0]
国, [1310.0, 2610.0, 1350.0, 2639.0]
自, [297.0, 2611.0, 345.0, 2645.0]
證券暨期貨管理委員會核准文號, [291.0, 2921.0, 1002.0, 2962.0]
金融監督管理委員會核准文號, [1304.0, 2922.0, 1957.0, 2961.0]
金管證審字第 1090347472 號, [1361.0, 2990.0, 2085.0, 3021.0]
台財證六字第 0930128050 號, [358.0, 2991.0, 1080.0, 3021.0]
111, [1112.0, 3115.0, 1230.0, 3151.0]
1 0, [1964.0, 3115.0, 2038.0, 3150.0]
5, [1577.0, 3117.0, 1618.0, 3150.0]
月, [1763.0, 3117.0, 1809.0, 3153.0]
民, [707.0, 3118.0, 756.0, 3154.0]
年, [1379.0, 3118.0, 1426.0, 3150.0]
英, [500.0, 3119.0, 547.0, 3154.0]
日, [2187.0, 3119.0, 2228.0, 3149.0]
成, [913.0, 3120.0, 961.0, 3152.0]
日, [295.0, 3121.0, 334.0, 3150.0]
3, [1236.0, 3312.0, 1288.0, 3345.0]
