(承前頁), [332.0, 369.0, 591.0, 415.0]
111年1月1日, [1496.0, 505.0, 1788.0, 550.0]
110年1月1日, [1924.0, 508.0, 2212.0, 552.0]
代, [316.0, 569.0, 394.0, 613.0]
碼, [396.0, 572.0, 498.0, 608.0]
至3月31日, [1525.0, 572.0, 1765.0, 614.0]
至3月31日, [1955.0, 576.0, 2191.0, 617.0]
EEEE, [315.0, 632.0, 465.0, 677.0]
本期現金及約當現金增加, [519.0, 636.0, 1088.0, 681.0]
$ 6,918,474, [1486.0, 643.0, 1800.0, 685.0]
$ 10,591,576, [1918.0, 646.0, 2224.0, 688.0]
E00100, [312.0, 760.0, 494.0, 803.0]
期初現金及約當現金餘額, [487.0, 765.0, 1089.0, 807.0]
91,121,942, [1548.0, 768.0, 1804.0, 813.0]
51,433,522, [1976.0, 772.0, 2226.0, 817.0]
E00200　期末現金及約當現金餘額, [310.0, 885.0, 1089.0, 940.0]
$ 98,040,416, [1489.0, 895.0, 1800.0, 943.0]
$ 62,025,098, [1913.0, 898.0, 2224.0, 946.0]
期末現金及約當現金之調節, [310.0, 1052.0, 1016.0, 1101.0]
代, [314.0, 1152.0, 388.0, 1202.0]
 馬, [394.0, 1156.0, 492.0, 1195.0]
111年3月31日, [1480.0, 1156.0, 1798.0, 1202.0]
110年3月31日, [1907.0, 1156.0, 2224.0, 1209.0]
E00210, [308.0, 1216.0, 487.0, 1259.0]
 資產負債表帳列之現金及約當現金, [512.0, 1220.0, 1288.0, 1267.0]
$ 98,040,416, [1482.0, 1225.0, 1798.0, 1269.0]
$ 58,958,539, [1908.0, 1228.0, 2220.0, 1271.0]
E00212　包含於待出售處分群組之現金及約當現, [308.0, 1344.0, 1415.0, 1397.0]
金, [576.0, 1417.0, 640.0, 1456.0]
3,066,559, [1995.0, 1421.0, 2220.0, 1466.0]
_, [1761.0, 1432.0, 1796.0, 1471.0]
E00200, [308.0, 1537.0, 487.0, 1579.0]
 期末現金及約當現金餘額, [490.0, 1540.0, 1083.0, 1585.0]
$ 98,040,416, [1484.0, 1545.0, 1800.0, 1590.0]
$ 62,025,098, [1910.0, 1548.0, 2220.0, 1593.0]
後附之附註係本合併財務報告之一部分。, [755.0, 2256.0, 1803.0, 2304.0]
請參閱勤業眾信聯合會計師事務所民國 111年５月 10日核閱報告 ), [436.0, 2353.0, 2154.0, 2404.0]
董事長:張安平, [309.0, 3193.0, 712.0, 3235.0]
：李鐘培, [1137.0, 3196.0, 1367.0, 3235.0]
經理人 , [960.0, 3198.0, 1149.0, 3238.0]
計主管：, [1663.0, 3198.0, 1905.0, 3243.0]
會, [1614.0, 3199.0, 1666.0, 3240.0]
葉國宏, [1900.0, 3203.0, 2077.0, 3245.0]
- 12, [1211.0, 3341.0, 1327.0, 3388.0]
11, [886.0, 357.0, 934.0, 389.0]
司, [1643.0, 357.0, 1687.0, 390.0]
月 31 日, [1628.0, 543.0, 1826.0, 595.0]
民國 111, [748.0, 545.0, 951.0, 588.0]
(僅經核陽:, [764.0, 649.0, 1037.0, 684.0]
家, [1073.0, 651.0, 1137.0, 683.0]
則 查 核 , [1610.0, 653.0, 1796.0, 690.0]
股公認番, [1255.0, 659.0, 1485.0, 685.0]
單位:新台幣仟元, [1794.0, 748.0, 2265.0, 790.0]
-1月1日, [1599.0, 936.0, 1777.0, 980.0]
110年1月1日, [1920.0, 938.0, 2201.0, 983.0]
代, [312.0, 1003.0, 372.0, 1043.0]
碼, [423.0, 1007.0, 479.0, 1038.0]
月31日, [1604.0, 1007.0, 1751.0, 1044.0]
至3月31日, [1951.0, 1007.0, 2175.0, 1048.0]
營業活動之現金流量, [522.0, 1073.0, 977.0, 1110.0]
A00010, [310.0, 1131.0, 483.0, 1173.0]
1,172,111, [1571.0, 1138.0, 1784.0, 1181.0]
繼續營業單位稅前淨, [623.0, 1139.0, 1078.0, 1173.0]
4,855,073, [1993.0, 1140.0, 2215.0, 1185.0]
品, [1912.0, 1145.0, 1957.0, 1179.0]
停業單位稅前淨損, [618.0, 1197.0, 1029.0, 1242.0]
A00020, [312.0, 1198.0, 483.0, 1235.0]
8,142), [2084.0, 1207.0, 2228.0, 1248.0]
l, [1761.0, 1223.0, 1786.0, 1242.0]
A10000, [308.0, 1262.0, 485.0, 1304.0]
本期稅前淨利, [623.0, 1266.0, 931.0, 1307.0]
1,172,111, [1567.0, 1268.0, 1782.0, 1312.0]
4,846,931, [1997.0, 1275.0, 2210.0, 1312.0]
收益費損項目, [620.0, 1331.0, 922.0, 1372.0]
A20100, [308.0, 1391.0, 485.0, 1433.0]
折舊費用, [717.0, 1396.0, 926.0, 1437.0]
1,738,037, [1567.0, 1398.0, 1786.0, 1442.0]
1,727,357, [1995.0, 1400.0, 2212.0, 1444.0]
A20200, [310.0, 1458.0, 485.0, 1497.0]
攤銷費用, [717.0, 1463.0, 924.0, 1501.0]
205,524, [1608.0, 1467.0, 1790.0, 1505.0]
94,667, [2061.0, 1467.0, 2214.0, 1508.0]
A20400, [310.0, 1524.0, 485.0, 1563.0]
透過損益按公允價值衡量金融, [719.0, 1527.0, 1403.0, 1569.0]
資產及負債之淨損, [773.0, 1592.0, 1178.0, 1633.0]
242,231, [1604.0, 1593.0, 1784.0, 1636.0]
4,128, [2081.0, 1596.0, 2216.0, 1637.0]
A20900, [308.0, 1653.0, 483.0, 1692.0]
財務成本, [721.0, 1659.0, 932.0, 1698.0]
525,210, [1606.0, 1660.0, 1790.0, 1701.0]
441,850, [2036.0, 1664.0, 2216.0, 1702.0]
A21200, [305.0, 1718.0, 485.0, 1759.0]
利息收入, [721.0, 1723.0, 932.0, 1762.0]
372,039), [1606.0, 1724.0, 1802.0, 1768.0]
356,161), [2034.0, 1727.0, 2230.0, 1769.0]
A21300, [310.0, 1784.0, 485.0, 1823.0]
股利收入, [721.0, 1788.0, 932.0, 1826.0]
405,293), [1606.0, 1790.0, 1806.0, 1833.0]
A22300, [307.0, 1850.0, 483.0, 1886.0]
採用權益法認列之關聯企業及, [717.0, 1851.0, 1401.0, 1893.0]
合資淨益之份額, [770.0, 1917.0, 1132.0, 1956.0]
622,247), [1606.0, 1920.0, 1817.0, 1962.0]
714,592 ), [2032.0, 1920.0, 2234.0, 1963.0]
A22500, [305.0, 1976.0, 483.0, 2017.0]
處分不動產、廠房及設備淨損, [715.0, 1979.0, 1402.0, 2022.0]
(益), [800.0, 2043.0, 903.0, 2087.0]
37,346), [1630.0, 2047.0, 1812.0, 2093.0]
5,574, [2077.0, 2051.0, 2216.0, 2092.0]
A23100, [305.0, 2105.0, 483.0, 2147.0]
處分投資損失, [717.0, 2110.0, 1029.0, 2152.0]
16, [1722.0, 2116.0, 1794.0, 2155.0]
55, [2148.0, 2118.0, 2216.0, 2155.0]
A23800, [305.0, 2171.0, 485.0, 2212.0]
存貨跌價回升利益, [719.0, 2174.0, 1125.0, 2219.0]
17,939), [1631.0, 2179.0, 1809.0, 2222.0]
15,041 ), [2055.0, 2180.0, 2234.0, 2223.0]
A24100, [308.0, 2235.0, 483.0, 2277.0]
未實現外幣兌換淨損(益), [721.0, 2238.0, 1306.0, 2282.0]
16,152), [1631.0, 2244.0, 1813.0, 2286.0]
11,652, [2059.0, 2246.0, 2218.0, 2287.0]
A30000, [305.0, 2301.0, 483.0, 2342.0]
營業資產及負債之淨變動數, [618.0, 2304.0, 1230.0, 2348.0]
A31130, [310.0, 2368.0, 483.0, 2405.0]
應收票據, [721.0, 2369.0, 928.0, 2411.0]
3,585,239, [1567.0, 2372.0, 1788.0, 2415.0]
5,277,165, [1995.0, 2374.0, 2212.0, 2417.0]
A31150, [308.0, 2431.0, 483.0, 2470.0]
應收帳款, [719.0, 2433.0, 934.0, 2475.0]
466,617 ), [1608.0, 2439.0, 1800.0, 2478.0]
612,470), [2037.0, 2439.0, 2230.0, 2482.0]
A31160, [305.0, 2495.0, 483.0, 2536.0]
應收票據及帳款一關係人, [719.0, 2499.0, 1277.0, 2541.0]
17,703, [2059.0, 2504.0, 2212.0, 2545.0]
131,668, [1608.0, 2505.0, 1788.0, 2544.0]
A31180, [310.0, 2562.0, 483.0, 2601.0]
其他應收款, [721.0, 2566.0, 982.0, 2605.0]
456,473, [1610.0, 2568.0, 1790.0, 2610.0]
395,154, [2037.0, 2569.0, 2213.0, 2610.0]
A31190, [310.0, 2627.0, 483.0, 2666.0]
其他應收款一關係人, [721.0, 2631.0, 1178.0, 2670.0]
98,672, [1631.0, 2633.0, 1790.0, 2674.0]
326), [2120.0, 2633.0, 2228.0, 2677.0]
A31200, [305.0, 2690.0, 483.0, 2731.0]
存, [721.0, 2693.0, 783.0, 2739.0]


 
 , [787.0, 2694.0, 930.0, 2736.0]
248,942, [1606.0, 2698.0, 1790.0, 2739.0]
333,151 ), [2034.0, 2699.0, 2230.0, 2742.0]
A31230, [308.0, 2757.0, 483.0, 2796.0]
預付款項, [721.0, 2762.0, 928.0, 2800.0]
1,476,224), [1995.0, 2764.0, 2230.0, 2807.0]
1,440,367), [1569.0, 2765.0, 1800.0, 2804.0]
A31240, [308.0, 2822.0, 483.0, 2860.0]
其他流動資產, [719.0, 2824.0, 1023.0, 2866.0]
8,651 ), [1656.0, 2829.0, 1802.0, 2870.0]
4,342, [2084.0, 2829.0, 2220.0, 2870.0]
A32125, [310.0, 2886.0, 483.0, 2925.0]
合約負債, [721.0, 2889.0, 930.0, 2930.0]
103,140), [1606.0, 2893.0, 1802.0, 2935.0]
428,603 ), [2032.0, 2894.0, 2228.0, 2936.0]
A32150, [308.0, 2952.0, 483.0, 2990.0]
應付票據及帳款, [719.0, 2952.0, 1077.0, 2994.0]
1,247,469, [1995.0, 2959.0, 2214.0, 3001.0]
885,579, [1608.0, 2960.0, 1788.0, 2999.0]
A32180, [308.0, 3017.0, 483.0, 3055.0]
其他應付款, [718.0, 3020.0, 983.0, 3059.0]
1,168,913 ), [1569.0, 3023.0, 1809.0, 3065.0]
1,456,288), [1995.0, 3025.0, 2230.0, 3066.0]
(接次頁, [328.0, 3143.0, 552.0, 3186.0]
- 10 -, [1211.0, 3323.0, 1364.0, 3365.0]
(承前頁), [359.0, 367.0, 590.0, 413.0]
111年1月1日, [1499.0, 500.0, 1779.0, 545.0]
110年1月1日, [1920.0, 503.0, 2199.0, 544.0]
至3月31日, [1953.0, 568.0, 2175.0, 610.0]
代, [324.0, 569.0, 396.0, 610.0]
至3月31日, [1532.0, 569.0, 1755.0, 610.0]
   , [407.0, 572.0, 500.0, 606.0]
A32190, [326.0, 634.0, 498.0, 672.0]
其他應付款一關係人, [733.0, 638.0, 1192.0, 676.0]
2,130), [2079.0, 639.0, 2232.0, 680.0]
($ 1,363,682), [1478.0, 640.0, 1811.0, 679.0]
(  , [1900.0, 641.0, 1964.0, 678.0]
A32230, [326.0, 700.0, 500.0, 738.0]
其他流動負債, [736.0, 700.0, 1039.0, 742.0]
21,922), [2061.0, 705.0, 2230.0, 746.0]
85,530, [1641.0, 707.0, 1792.0, 743.0]
A32240, [326.0, 765.0, 500.0, 803.0]
淨確定福利負債, [734.0, 766.0, 1088.0, 806.0]
60,627), [1639.0, 770.0, 1806.0, 812.0]
5,956), [2081.0, 770.0, 2226.0, 812.0]
A33000, [326.0, 830.0, 500.0, 867.0]
管運產生之淨現金流入, [634.0, 833.0, 1137.0, 870.0]
3,292,219, [1577.0, 836.0, 1792.0, 875.0]
8,651,183, [1997.0, 836.0, 2212.0, 875.0]
A33500, [324.0, 896.0, 500.0, 932.0]
支付之所得税, [634.0, 898.0, 946.0, 936.0]
1,017,695), [1573.0, 900.0, 1804.0, 942.0]
1,526,725), [1993.0, 902.0, 2222.0, 941.0]
AAAA, [324.0, 960.0, 487.0, 999.0]
營業活動之淨現金流入, [731.0, 962.0, 1238.0, 1001.0]
2,274,524, [1575.0, 967.0, 1788.0, 1005.0]
7,124,458, [1996.0, 968.0, 2209.0, 1004.0]
投資活動之現金流量, [531.0, 1088.0, 984.0, 1129.0]
B00050, [318.0, 1149.0, 487.0, 1190.0]
處分按攤銷後成本衡量之金融資產, [628.0, 1154.0, 1381.0, 1198.0]
5,933,799, [1995.0, 1156.0, 2208.0, 1200.0]
5,733,730, [1573.0, 1157.0, 1790.0, 1198.0]
B01800, [320.0, 1217.0, 492.0, 1255.0]
取得採用權益法之長期股權投資, [630.0, 1218.0, 1331.0, 1260.0]
26,013 ), [1637.0, 1221.0, 1802.0, 1262.0]
38,079), [2059.0, 1221.0, 2226.0, 1262.0]
B02700, [318.0, 1280.0, 489.0, 1321.0]
取得不動產、廠房及設備, [631.0, 1280.0, 1185.0, 1328.0]
5,438,553 ), [1575.0, 1287.0, 1800.0, 1326.0]
2,927,918, [1995.0, 1287.0, 2220.0, 1330.0]
B02800, [320.0, 1347.0, 489.0, 1386.0]
處分不動産、廠房及設備價款, [630.0, 1348.0, 1292.0, 1390.0]
31,759, [2063.0, 1352.0, 2206.0, 1390.0]
57,056, [1639.0, 1353.0, 1790.0, 1390.0]
B04500, [320.0, 1413.0, 489.0, 1451.0]
取得無形資產, [628.0, 1413.0, 932.0, 1454.0]
206,771 ), [1613.0, 1413.0, 1806.0, 1459.0]
27,267, [2057.0, 1416.0, 2220.0, 1457.0]
B06100, [318.0, 1477.0, 487.0, 1516.0]
應收融資租賃款減少, [632.0, 1480.0, 1079.0, 1519.0]
226,204, [1614.0, 1482.0, 1786.0, 1521.0]
465,029, [2038.0, 1483.0, 2206.0, 1521.0]
B06800, [316.0, 1540.0, 485.0, 1581.0]
其他非流動資產減少, [630.0, 1544.0, 1079.0, 1582.0]
130,814, [1612.0, 1547.0, 1786.0, 1585.0]
605,876, [2038.0, 1547.0, 2208.0, 1586.0]
B07500, [318.0, 1608.0, 485.0, 1645.0]
收取之利息, [632.0, 1609.0, 882.0, 1647.0]
205,235, [1612.0, 1610.0, 1788.0, 1651.0]
369,396, [2038.0, 1612.0, 2208.0, 1651.0]
B07600, [318.0, 1672.0, 483.0, 1711.0]
收取之股利, [630.0, 1673.0, 882.0, 1712.0]
୧୧୪, [1697.0, 1676.0, 1786.0, 1717.0]
880,066, [2036.0, 1677.0, 2206.0, 1716.0]
BBBB, [318.0, 1736.0, 452.0, 1775.0]
投資活動之淨現金流入, [727.0, 1738.0, 1234.0, 1777.0]
682,371, [1612.0, 1740.0, 1775.0, 1781.0]
5,292,661, [1995.0, 1742.0, 2201.0, 1783.0]
籌資活動之現金流量, [531.0, 1864.0, 979.0, 1905.0]
C00100, [316.0, 1925.0, 489.0, 1967.0]
短期借款增加, [628.0, 1930.0, 933.0, 1969.0]
1,113,670, [1573.0, 1931.0, 1784.0, 1972.0]
2,087,880, [1995.0, 1932.0, 2203.0, 1973.0]
C01600, [316.0, 1990.0, 487.0, 2032.0]
舉借長期借款, [626.0, 1993.0, 932.0, 2034.0]
1,932,514, [1995.0, 1997.0, 2206.0, 2038.0]
6,295,955, [1577.0, 1999.0, 1786.0, 2036.0]
C01700, [318.0, 2057.0, 485.0, 2095.0]
償還長期借款, [628.0, 2058.0, 934.0, 2099.0]
3,733,296), [1995.0, 2061.0, 2220.0, 2103.0]
4,590,944 ), [1571.0, 2062.0, 1798.0, 2103.0]
C01800, [316.0, 2121.0, 485.0, 2162.0]
長期應付票券增加, [630.0, 2124.0, 1029.0, 2165.0]
12,000,000, [1550.0, 2127.0, 1786.0, 2166.0]
4,985,383, [1997.0, 2128.0, 2203.0, 2167.0]
C01900, [318.0, 2187.0, 487.0, 2226.0]
長期應付票券減少, [630.0, 2187.0, 1029.0, 2229.0]
12,000,000), [1550.0, 2194.0, 1800.0, 2233.0]
5,000,000), [1997.0, 2194.0, 2220.0, 2233.0]
C00600, [320.0, 2252.0, 487.0, 2290.0]
應付短期票券減少, [630.0, 2254.0, 1029.0, 2292.0]
1,002,104), [1995.0, 2258.0, 2220.0, 2299.0]
609,534 ), [1610.0, 2260.0, 1798.0, 2298.0]
租賃本金償還, [626.0, 2312.0, 935.0, 2362.0]
C04020, [320.0, 2317.0, 487.0, 2355.0]
160,794 ), [1611.0, 2321.0, 1802.0, 2367.0]
125,942), [2032.0, 2323.0, 2220.0, 2366.0]
C04300, [318.0, 2383.0, 485.0, 2420.0]
其他非流動負債增加, [628.0, 2383.0, 1079.0, 2425.0]
145,887, [1614.0, 2389.0, 1788.0, 2425.0]
16,912, [2061.0, 2389.0, 2210.0, 2426.0]
C04900, [320.0, 2448.0, 487.0, 2485.0]
子公司購買庫藏股票, [628.0, 2449.0, 1079.0, 2488.0]
900), [2121.0, 2453.0, 2224.0, 2492.0]
C05400, [318.0, 2514.0, 487.0, 2550.0]
取得子公司股權, [624.0, 2516.0, 982.0, 2554.0]
628,283), [2034.0, 2520.0, 2220.0, 2557.0]
C05600, [318.0, 2578.0, 489.0, 2617.0]
支付之利息, [630.0, 2580.0, 886.0, 2619.0]
322,971 ), [1606.0, 2581.0, 1798.0, 2625.0]
323,091), [2034.0, 2585.0, 2220.0, 2624.0]
CCCC, [316.0, 2640.0, 477.0, 2682.0]
籌資活動之淨現金流入(出), [725.0, 2646.0, 1354.0, 2684.0]
1,871,269, [1575.0, 2649.0, 1788.0, 2688.0]
1,790,927, [1997.0, 2649.0, 2220.0, 2688.0]
DDDD, [316.0, 2771.0, 485.0, 2806.0]
匯率變動對現金及約當現金之影響, [496.0, 2771.0, 1283.0, 2810.0]
2,090,310, [1571.0, 2773.0, 1788.0, 2814.0]
34,616), [2055.0, 2776.0, 2220.0, 2815.0]
(接次頁), [341.0, 2961.0, 580.0, 3000.0]
- 11 -, [1215.0, 3343.0, 1364.0, 3385.0]
