(承前頁), [332.0, 369.0, 591.0, 415.0]
111年1月1日, [1496.0, 505.0, 1788.0, 550.0]
110年1月1日, [1924.0, 508.0, 2212.0, 552.0]
代, [316.0, 569.0, 394.0, 613.0]
碼, [396.0, 572.0, 498.0, 608.0]
至3月31日, [1525.0, 572.0, 1765.0, 614.0]
至3月31日, [1955.0, 576.0, 2191.0, 617.0]
EEEE, [315.0, 632.0, 465.0, 677.0]
本期現金及約當現金增加, [519.0, 636.0, 1088.0, 681.0]
$ 6,918,474, [1486.0, 643.0, 1800.0, 685.0]
$ 10,591,576, [1918.0, 646.0, 2224.0, 688.0]
E00100, [312.0, 760.0, 494.0, 803.0]
期初現金及約當現金餘額, [487.0, 765.0, 1089.0, 807.0]
91,121,942, [1548.0, 768.0, 1804.0, 813.0]
51,433,522, [1976.0, 772.0, 2226.0, 817.0]
E00200　期末現金及約當現金餘額, [310.0, 885.0, 1089.0, 940.0]
$ 98,040,416, [1489.0, 895.0, 1800.0, 943.0]
$ 62,025,098, [1913.0, 898.0, 2224.0, 946.0]
期末現金及約當現金之調節, [310.0, 1052.0, 1016.0, 1101.0]
代, [314.0, 1152.0, 388.0, 1202.0]
 馬, [394.0, 1156.0, 492.0, 1195.0]
111年3月31日, [1480.0, 1156.0, 1798.0, 1202.0]
110年3月31日, [1907.0, 1156.0, 2224.0, 1209.0]
E00210, [308.0, 1216.0, 487.0, 1259.0]
 資產負債表帳列之現金及約當現金, [512.0, 1220.0, 1288.0, 1267.0]
$ 98,040,416, [1482.0, 1225.0, 1798.0, 1269.0]
$ 58,958,539, [1908.0, 1228.0, 2220.0, 1271.0]
E00212　包含於待出售處分群組之現金及約當現, [308.0, 1344.0, 1415.0, 1397.0]
金, [576.0, 1417.0, 640.0, 1456.0]
3,066,559, [1995.0, 1421.0, 2220.0, 1466.0]
_, [1761.0, 1432.0, 1796.0, 1471.0]
E00200, [308.0, 1537.0, 487.0, 1579.0]
 期末現金及約當現金餘額, [490.0, 1540.0, 1083.0, 1585.0]
$ 98,040,416, [1484.0, 1545.0, 1800.0, 1590.0]
$ 62,025,098, [1910.0, 1548.0, 2220.0, 1593.0]
後附之附註係本合併財務報告之一部分。, [755.0, 2256.0, 1803.0, 2304.0]
請參閱勤業眾信聯合會計師事務所民國 111年５月 10日核閱報告 ), [436.0, 2353.0, 2154.0, 2404.0]
董事長:張安平, [309.0, 3193.0, 712.0, 3235.0]
：李鐘培, [1137.0, 3196.0, 1367.0, 3235.0]
經理人 , [960.0, 3198.0, 1149.0, 3238.0]
計主管：, [1663.0, 3198.0, 1905.0, 3243.0]
會, [1614.0, 3199.0, 1666.0, 3240.0]
葉國宏, [1900.0, 3203.0, 2077.0, 3245.0]
- 12, [1211.0, 3341.0, 1327.0, 3388.0]
