11, [886.0, 357.0, 934.0, 389.0]
司, [1643.0, 357.0, 1687.0, 390.0]
月 31 日, [1628.0, 543.0, 1826.0, 595.0]
民國 111, [748.0, 545.0, 951.0, 588.0]
(僅經核陽:, [764.0, 649.0, 1037.0, 684.0]
家, [1073.0, 651.0, 1137.0, 683.0]
則 查 核 , [1610.0, 653.0, 1796.0, 690.0]
股公認番, [1255.0, 659.0, 1485.0, 685.0]
單位:新台幣仟元, [1794.0, 748.0, 2265.0, 790.0]
-1月1日, [1599.0, 936.0, 1777.0, 980.0]
110年1月1日, [1920.0, 938.0, 2201.0, 983.0]
代, [312.0, 1003.0, 372.0, 1043.0]
碼, [423.0, 1007.0, 479.0, 1038.0]
月31日, [1604.0, 1007.0, 1751.0, 1044.0]
至3月31日, [1951.0, 1007.0, 2175.0, 1048.0]
營業活動之現金流量, [522.0, 1073.0, 977.0, 1110.0]
A00010, [310.0, 1131.0, 483.0, 1173.0]
1,172,111, [1571.0, 1138.0, 1784.0, 1181.0]
繼續營業單位稅前淨, [623.0, 1139.0, 1078.0, 1173.0]
4,855,073, [1993.0, 1140.0, 2215.0, 1185.0]
品, [1912.0, 1145.0, 1957.0, 1179.0]
停業單位稅前淨損, [618.0, 1197.0, 1029.0, 1242.0]
A00020, [312.0, 1198.0, 483.0, 1235.0]
8,142), [2084.0, 1207.0, 2228.0, 1248.0]
l, [1761.0, 1223.0, 1786.0, 1242.0]
A10000, [308.0, 1262.0, 485.0, 1304.0]
本期稅前淨利, [623.0, 1266.0, 931.0, 1307.0]
1,172,111, [1567.0, 1268.0, 1782.0, 1312.0]
4,846,931, [1997.0, 1275.0, 2210.0, 1312.0]
收益費損項目, [620.0, 1331.0, 922.0, 1372.0]
A20100, [308.0, 1391.0, 485.0, 1433.0]
折舊費用, [717.0, 1396.0, 926.0, 1437.0]
1,738,037, [1567.0, 1398.0, 1786.0, 1442.0]
1,727,357, [1995.0, 1400.0, 2212.0, 1444.0]
A20200, [310.0, 1458.0, 485.0, 1497.0]
攤銷費用, [717.0, 1463.0, 924.0, 1501.0]
205,524, [1608.0, 1467.0, 1790.0, 1505.0]
94,667, [2061.0, 1467.0, 2214.0, 1508.0]
A20400, [310.0, 1524.0, 485.0, 1563.0]
透過損益按公允價值衡量金融, [719.0, 1527.0, 1403.0, 1569.0]
資產及負債之淨損, [773.0, 1592.0, 1178.0, 1633.0]
242,231, [1604.0, 1593.0, 1784.0, 1636.0]
4,128, [2081.0, 1596.0, 2216.0, 1637.0]
A20900, [308.0, 1653.0, 483.0, 1692.0]
財務成本, [721.0, 1659.0, 932.0, 1698.0]
525,210, [1606.0, 1660.0, 1790.0, 1701.0]
441,850, [2036.0, 1664.0, 2216.0, 1702.0]
A21200, [305.0, 1718.0, 485.0, 1759.0]
利息收入, [721.0, 1723.0, 932.0, 1762.0]
372,039), [1606.0, 1724.0, 1802.0, 1768.0]
356,161), [2034.0, 1727.0, 2230.0, 1769.0]
A21300, [310.0, 1784.0, 485.0, 1823.0]
股利收入, [721.0, 1788.0, 932.0, 1826.0]
405,293), [1606.0, 1790.0, 1806.0, 1833.0]
A22300, [307.0, 1850.0, 483.0, 1886.0]
採用權益法認列之關聯企業及, [717.0, 1851.0, 1401.0, 1893.0]
合資淨益之份額, [770.0, 1917.0, 1132.0, 1956.0]
622,247), [1606.0, 1920.0, 1817.0, 1962.0]
714,592 ), [2032.0, 1920.0, 2234.0, 1963.0]
A22500, [305.0, 1976.0, 483.0, 2017.0]
處分不動產、廠房及設備淨損, [715.0, 1979.0, 1402.0, 2022.0]
(益), [800.0, 2043.0, 903.0, 2087.0]
37,346), [1630.0, 2047.0, 1812.0, 2093.0]
5,574, [2077.0, 2051.0, 2216.0, 2092.0]
A23100, [305.0, 2105.0, 483.0, 2147.0]
處分投資損失, [717.0, 2110.0, 1029.0, 2152.0]
16, [1722.0, 2116.0, 1794.0, 2155.0]
55, [2148.0, 2118.0, 2216.0, 2155.0]
A23800, [305.0, 2171.0, 485.0, 2212.0]
存貨跌價回升利益, [719.0, 2174.0, 1125.0, 2219.0]
17,939), [1631.0, 2179.0, 1809.0, 2222.0]
15,041 ), [2055.0, 2180.0, 2234.0, 2223.0]
A24100, [308.0, 2235.0, 483.0, 2277.0]
未實現外幣兌換淨損(益), [721.0, 2238.0, 1306.0, 2282.0]
16,152), [1631.0, 2244.0, 1813.0, 2286.0]
11,652, [2059.0, 2246.0, 2218.0, 2287.0]
A30000, [305.0, 2301.0, 483.0, 2342.0]
營業資產及負債之淨變動數, [618.0, 2304.0, 1230.0, 2348.0]
A31130, [310.0, 2368.0, 483.0, 2405.0]
應收票據, [721.0, 2369.0, 928.0, 2411.0]
3,585,239, [1567.0, 2372.0, 1788.0, 2415.0]
5,277,165, [1995.0, 2374.0, 2212.0, 2417.0]
A31150, [308.0, 2431.0, 483.0, 2470.0]
應收帳款, [719.0, 2433.0, 934.0, 2475.0]
466,617 ), [1608.0, 2439.0, 1800.0, 2478.0]
612,470), [2037.0, 2439.0, 2230.0, 2482.0]
A31160, [305.0, 2495.0, 483.0, 2536.0]
應收票據及帳款一關係人, [719.0, 2499.0, 1277.0, 2541.0]
17,703, [2059.0, 2504.0, 2212.0, 2545.0]
131,668, [1608.0, 2505.0, 1788.0, 2544.0]
A31180, [310.0, 2562.0, 483.0, 2601.0]
其他應收款, [721.0, 2566.0, 982.0, 2605.0]
456,473, [1610.0, 2568.0, 1790.0, 2610.0]
395,154, [2037.0, 2569.0, 2213.0, 2610.0]
A31190, [310.0, 2627.0, 483.0, 2666.0]
其他應收款一關係人, [721.0, 2631.0, 1178.0, 2670.0]
98,672, [1631.0, 2633.0, 1790.0, 2674.0]
326), [2120.0, 2633.0, 2228.0, 2677.0]
A31200, [305.0, 2690.0, 483.0, 2731.0]
存, [721.0, 2693.0, 783.0, 2739.0]


 
 , [787.0, 2694.0, 930.0, 2736.0]
248,942, [1606.0, 2698.0, 1790.0, 2739.0]
333,151 ), [2034.0, 2699.0, 2230.0, 2742.0]
A31230, [308.0, 2757.0, 483.0, 2796.0]
預付款項, [721.0, 2762.0, 928.0, 2800.0]
1,476,224), [1995.0, 2764.0, 2230.0, 2807.0]
1,440,367), [1569.0, 2765.0, 1800.0, 2804.0]
A31240, [308.0, 2822.0, 483.0, 2860.0]
其他流動資產, [719.0, 2824.0, 1023.0, 2866.0]
8,651 ), [1656.0, 2829.0, 1802.0, 2870.0]
4,342, [2084.0, 2829.0, 2220.0, 2870.0]
A32125, [310.0, 2886.0, 483.0, 2925.0]
合約負債, [721.0, 2889.0, 930.0, 2930.0]
103,140), [1606.0, 2893.0, 1802.0, 2935.0]
428,603 ), [2032.0, 2894.0, 2228.0, 2936.0]
A32150, [308.0, 2952.0, 483.0, 2990.0]
應付票據及帳款, [719.0, 2952.0, 1077.0, 2994.0]
1,247,469, [1995.0, 2959.0, 2214.0, 3001.0]
885,579, [1608.0, 2960.0, 1788.0, 2999.0]
A32180, [308.0, 3017.0, 483.0, 3055.0]
其他應付款, [718.0, 3020.0, 983.0, 3059.0]
1,168,913 ), [1569.0, 3023.0, 1809.0, 3065.0]
1,456,288), [1995.0, 3025.0, 2230.0, 3066.0]
(接次頁, [328.0, 3143.0, 552.0, 3186.0]
- 10 -, [1211.0, 3323.0, 1364.0, 3365.0]
