, [680.0, 341.0, 885.0, 398.0]
, [347.0, 356.0, 529.0, 398.0]
方的 2 Kes FA, [314.0, 762.0, 539.0, 794.0]
依本會計師核閱結果及其他會計師之核閱報告(請參閱其他事項段),除保留結論之, [399.0, 873.0, 2127.0, 929.0]
基礎段所述部分非重要子公司及採用權益法之投資之財務報表倫經會計師核閱：對合併, [300.0, 947.0, 2133.0, 1002.0]
財務報表可能有所調整之影響外，並未發現上開合併財務報表在所有重大方面有未依照, [300.0, 1020.0, 2129.0, 1080.0]
證券發行人財務報告編製準則及經金融監督管理委員會認可並發布生效之國際會計準, [300.0, 1093.0, 2129.0, 1147.0]
則第 34號「期中財務報導」編製,致無法允當表達台化集團民國 112年及 111年 3月, [302.0, 1163.0, 2124.0, 1222.0]
31 日之合併財務狀況,暨民國 112年及 111年1月1日至 3月 31 日之合併財務績效及, [294.0, 1237.0, 2141.0, 1291.0]
合併現金流量之情事。, [300.0, 1310.0, 785.0, 1355.0]
其他事項-提及其他會計師之核閱, [298.0, 1437.0, 1125.0, 1488.0]
列入台化集團合併財務報表之部分採用權益法之被投資公司,其財務報表未經本會, [397.0, 1571.0, 2133.0, 1621.0]
計師核閱,而係由其他會計師核閱。因此,本會計師對上開合併財務報表所出具之核閱, [300.0, 1641.0, 2129.0, 1695.0]
報告中所有關該等公司財務報表所列之金額，條依據其他會計師之核閱報告。民國 112, [298.0, 1714.0, 2137.0, 1768.0]
年及 111年3月31日對前述公司採用權益法之投資金額分別為新台幣 75,845,981 仟元, [300.0, 1787.0, 2137.0, 1840.0]
及 89,036,276 仟元,分別占合併資產總額之 13%及 14%。民國 112年及 111年 1月 1日, [300.0, 1860.0, 2129.0, 1911.0]
至 3 月 31 日對前述公司認列之綜合損益分別為利益新台幣 3,054,296 仟元及利益新台, [300.0, 1933.0, 2131.0, 1985.0]
幣 2,955,553 仟元,各占合併綜合損益之 23%及 24%,, [300.0, 2005.0, 1436.0, 2053.0]
首, [1143.0, 2109.0, 1193.0, 2142.0]
誠, [1243.0, 2109.0, 1305.0, 2142.0]
聯, [1344.0, 2110.0, 1410.0, 2144.0]
合, [1451.0, 2111.0, 1511.0, 2147.0]
會, [1545.0, 2113.0, 1623.0, 2147.0]
第, [1764.0, 2114.0, 1826.0, 2148.0]
喜, [1871.0, 2115.0, 1927.0, 2146.0]
榜, [1971.0, 2117.0, 2033.0, 2150.0]
PT, [2076.0, 2118.0, 2134.0, 2145.0]
新闻

, [1632.0, 2124.0, 1704.0, 2138.0]
阮昌曼玉, [1336.0, 2286.0, 1528.0, 2319.0]
會計師, [1143.0, 2374.0, 1289.0, 2403.0]
兵漢期, [1337.0, 2461.0, 1480.0, 2496.0]
前行政院金融監督管理委員, [1142.0, 2613.0, 1724.0, 2661.0]
核准簽證文號:金管證審字第 0990058257 號, [1137.0, 2672.0, 2082.0, 2713.0]
前財政部證券暨期貨管理委員會, [1141.0, 2721.0, 1820.0, 2764.0]
核准簽證文號:(90)台財證(六)字第 157088 號, [1139.0, 2775.0, 2134.0, 2819.0]
日, [1147.0, 2880.0, 1189.0, 2909.0]
集, [1218.0, 2881.0, 1278.0, 2917.0]
民, [1305.0, 2881.0, 1367.0, 2917.0]
 - 12 - 2, [1534.0, 2882.0, 1662.0, 2919.0]
年, [1693.0, 2883.0, 1758.0, 2919.0]
国, [1389.0, 2884.0, 1443.0, 2914.0]
5, [1797.0, 2884.0, 1849.0, 2920.0]
, [1482.0, 2886.0, 1534.0, 2915.0]
月, [1888.0, 2887.0, 1948.0, 2919.0]
5, [1973.0, 2887.0, 2029.0, 2918.0]
日, [2086.0, 2890.0, 2126.0, 2917.0]
