```markdown
# 十五、不動產、廠房及設備

| 成本 | 土地 | 建築物 | 機器設備 | 其他設備 | 未完工程 | 合計 |
|------|------|--------|----------|----------|----------|------|
| 111年1月1日餘額 | $25,912,225 | $51,746,756 | $80,969,973 | $15,474,043 | $11,884,990 | $185,987,987 |
| 增添 | 914 | 352,445 | 918,556 | 206,277 | 12,884,471 | 14,362,663 |
| 處分 | - | (76,709) | (432,435) | (963,408) | - | (1,472,552) |
| 重分類 | - | 2,210,083 | 3,720,177 | 4,429,677 | (7,495,331) | 2,864,606 |
| 淨兌換差額 | 3,326 | 1,222,540 | 1,867,408 | 782,301 | 150,825 | 4,026,400 |
| 111年9月30日餘額 | $25,916,465 | $55,455,115 | $87,043,679 | $19,928,890 | $17,424,955 | $205,769,104 |

累計折舊及減損

| 111年1月1日餘額 | $808,904 | $21,210,406 | $57,214,150 | $8,479,352 | $79,143 | $87,791,955 |
| 處分 | - | (49,311) | (371,187) | (942,184) | - | (1,362,682) |
| 折舊費用 | - | 1,106,228 | 2,952,514 | 701,640 | - | 4,760,382 |
| 重分類 | - | 2,776 | (2,786) | 10 | - | - |
| 淨兌換差額 | - | 364,680 | 1,141,226 | 136,447 | 2,907 | 1,645,260 |
| 111年9月30日餘額 | $808,904 | $22,634,779 | $60,933,917 | $8,375,265 | $82,050 | $92,834,915 |

110年12月31日及

| 111年1月1日淨額 | $25,103,321 | $30,536,350 | $23,755,823 | $6,994,691 | $11,805,847 | $98,196,032 |
| 111年9月30日淨額 | $25,107,561 | $32,820,336 | $26,109,762 | $11,553,625 | $17,342,905 | $112,934,189 |

成本

| 110年1月1日餘額 | $24,111,549 | $49,391,149 | $95,772,602 | $15,070,836 | $7,743,182 | $192,089,318 |
| 增添 | 1,861,980 | 70,117 | 390,626 | 406,561 | 7,054,478 | 9,783,762 |
| 處分 | (310,481) | (310,768) | (673,597) | (380,552) | (2,530,920) | (4,206,318) |
| 由企業合併取得(附註二八) | 84,427 | 2,418,663 | 4,175,521 | 413,563 | 225,197 | 7,317,371 |
| 重分類 | (560,204) | 356,492 | (18,443,579) | (281,348) | (2,663,000) | (21,591,639) |
| 淨兌換差額 | (1,171) | (324,262) | (512,685) | (91,160) | (51,106) | (980,384) |
| 110年9月30日餘額 | $25,186,100 | $51,601,391 | $80,708,888 | $15,137,900 | $9,777,831 | $182,412,110 |

累計折舊及減損

| 110年1月1日餘額 | $808,904 | $19,401,738 | $71,362,067 | $8,327,743 | $79,894 | $99,980,346 |
| 處分 | - | (298,420) | (607,876) | (240,858) | - | (1,147,154) |
| 折舊費用 | - | 1,031,931 | 2,745,506 | 519,106 | - | 4,296,543 |
| 由企業合併取得(附註二八) | - | 999,335 | 2,886,929 | 326,820 | - | 4,213,084 |
| 重分類 | - | (158,049) | (18,571,185) | (490,760) | - | (19,219,994) |
| 淨兌換差額 | - | (101,196) | (312,359) | (23,017) | (803) | (437,375) |
| 110年9月30日餘額 | $808,904 | $20,875,339 | $57,503,082 | $8,419,034 | $79,091 | $87,685,450 |
| 110年9月30日淨額 | $24,377,196 | $30,726,052 | $23,205,806 | $6,718,866 | $9,698,