```markdown
# 智邦科技股份有限公司及各子公司

## 合併綜合損益表

### 民國 112 年及 111 年 7 月 1 日至 9 月 30 日

| 代 碼 | 112年7月1日至9月30日 | 111年7月1日至9月30日 | 112年1月1日至9月30日 | 111年1月1日至9月30日 |
|-------|------------------|------------------|------------------|------------------|
| 4100  | 銷貨收入（附註二四及三三） | $ 22,426,730 | 100 | $ 20,581,333 | 100 | $ 62,232,085 | 100 | $ 55,007,074 | 100 |
| 5110  | 銷貨成本（附註十一、二二及二五） | 17,262,507 | 77 | 16,048,288 | 78 | 48,259,740 | 78 | 43,419,102 | 79 |
| 5900  | 營業毛利 | 5,164,223 | 23 | 4,533,045 | 22 | 13,972,345 | 22 | 11,587,972 | 21 |
| 6100  | 營業費用（附註十、二二及二五及三三） |  |  |  |  |  |  |  |  |
| 6100  | 推銷費用 | 496,309 | 2 | 517,335 | 2 | 1,343,756 | 2 | 1,319,886 | 2 |
| 6200  | 管理費用 | 547,394 | 2 | 593,510 | 3 | 1,593,724 | 2 | 1,560,844 | 3 |
| 6300  | 研究發展費用 | 1,040,938 | 5 | 803,179 | 4 | 2,766,504 | 4 | 2,130,733 | 4 |
| 6450  | 預期信用減損損失（迴轉利 | (1,194) | - | (1,633) | - | 173 | - | (1,310) | - |
| 6000  | 營業費用合計 | 2,083,447 | 9 | 1,912,391 | 9 | 5,704,157 | 8 | 5,010,153 | 9 |
| 6900  | 營業淨利 | 3,080,776 | 14 | 2,620,654 | 13 | 8,268,188 | 14 | 6,577,819 | 12 |
|  |  |  |  |  |  |  |  |  |  |
|  |  |  |  |  |  |  |  |  |  |
|  |  |  |  |  |  |  |  |  |  |
|  |  |  |  |  |  |  |  |  |  |
|  |  |  |  |  |  |  |  |  |  |
|  |  |  |  |  |  |  |  |  |  |
|  |  |  |  |  |  |  |  |  |  |
|  |  |  |  |  |  |  |  |  |  |
|  |  |  |  |  |  |  |  |  |  |
|  |  |  |  |  |  |  |  |  |  |
|  |  |  |  |  |  |  |  |  |  |
|  |  |  |  |  |  |  |  |  |  |
|  |  |  |  |  |  |  |  |  |  |
|  |  |  |  |  |  |  |  |  |  |
|  |  |  |  |  |  |  |  |  |  |
|  |  |  |  |  |  |  |  |  |  |
|  |  |  |  |  |  |  |  |  |  |
|  |  |  |  |  |  |  |  |  |  |
|  |  |  |  |  |  |  |  |  |  |
|  |  |  |  |  |  |  |  |  |  |
|  |  |  |  |  |  |  |  |  |  |
|  |  |  |  |  |  |  |  |  |  |
|  |  |  |  |  |  |  |  |  |  |
|  |  |  |  |  |  |  |  |  |  |
|  |  |  |  |  |  |  |  |  |  |
|  |  |  |  |  |  |  |  |  |  |
|  |  |  |  |  |  |  |  |  |  |
|  |  |  |  |  |  |  |  |  |  |
|  |  |  |  |  |  |  |  |  |  |
|  |  |  |  |  |  |  |  |  |  |
|  |  |  |  |  |  |  |  |  |  |
|  |  |  |  |  |  |  |  |  |  |
|  |  |  |  |  |  |  |  |  |  |
|  |  |  |  |  |  |  |  |  |  |
|  |  |  |  |  |  |  |  |  |  |
|  |  |  |  |  |  |  |  |  |  |
|  |  |  |  |  |  |  |  |  |  |
|  |  |  |  |  |  |  |  |  |  |
|  |  |  |  |  |  |  |  |  |  |
|  |  |  |  |  |  |  |  |  |  |
|  |  |  |  |  |  |  |  |  |  |
|  |  |  |  |  |  |  |  |  |  |
|  |  |  |  |  |  |  |  |  |  |
|  |  |  |  |  |  |  |  |  |  |
|  |  |  |  |  |  |  |  |  |  |
|  |  |  |  |  |  |  |  |  |  |
|  |  |  |  |  |  |  |  |  |  |
|  |  |  |  |  |  |  |  |  |  |
|  |  |  |  |  |  |  |  |  |  |
|  |  |  |  |  |  |  |  |  |  |
|  |  |  |  |  |  |  |  |  |  |
|  |  |  |  |  |  |  |  |  |  |
|  |  |  |  |  |  |  |  |  |  |
|  |  |  |  |  |  |  |  |  |  |
|  |  |  |  |  |  |  |  |  |  |
|  |  |  |  |  |  |  |  |  |  |
|  |  |  |  |  |  |  |  |  | 