```markdown
|  | 土地 | 房屋及建築 | 機器設備 | 電腦通訊設備 | 其他 | 未完工程 | 合計 |
|---|---|---|---|---|---|---|---|
| 1月1日 | $ 12,330,536 | $ 214,266,695 | $ 279,733,859 | $ 46,751,910 | $ 168,556,642 | $ 35,885,708 | $ 757,525,350 |
| 累計折舊及減損 | - | ( 98,706,875) | ( 215,301,244) | ( 37,088,779) | ( 119,336,474) | - | ( 470,433,372) |
|---|---|---|---|---|---|---|---|
| 1月1日 | $ 12,330,536 | $ 115,559,820 | $ 64,432,615 | $ 9,663,131 | $ 49,220,168 | $ 35,885,708 | $ 287,091,978 |
| 1月1日 | $ 12,330,536 | $ 115,559,820 | $ 64,432,615 | $ 9,663,131 | $ 49,220,168 | $ 35,885,708 | $ 287,091,978 |
| 增添 | 46,286 | 2,149,898 | 15,586,447 | 1,305,285 | 13,054,687 | 25,730,392 | 57,872,995 |
| 移轉 | - | 15,051,810 | 8,262,120 | 318,088 | 3,609,367 | ( 27,838,208) | ( 596,823) |
| 企業合併取得 | - | 43,441 | 76,133 | 2,740 | 7,426 | 1,001 | 130,741 |
| 處分 | - | ( 366,933) | ( 3,814,494) | ( 37,710) | ( 1,564,605) | ( 434,915) | ( 6,218,657) |
| 折舊費用 | - | ( 8,895,640) | ( 17,373,654) | ( 2,544,234) | ( 11,603,246) | - | ( 40,416,774) |
| 淨兌換差額 | ( 532,645) | ( 160,565) | ( 775,124) | 178,904 | ( 427,087) | ( 676,141) | ( 2,392,658) |
| 9月30日 | $ 11,844,177 | $ 123,381,831 | $ 66,394,043 | $ 8,886,204 | $ 52,296,710 | $ 32,667,837 | $ 295,470,802 |
| 9月30日 | $ 11,844,177 | $ 229,325,621 | $ 270,728,176 | $ 47,701,119 | $ 175,788,301 | $ 32,667,837 | $ 768,055,231 |
| 累計折舊及減損 | - | ( 105,943,790) | ( 204,334,133) | ( 38,814,915) | ( 123,491,591) | - | ( 472,584,429) |
| 9月30日 | $ 11,844,177 | $ 123,381,831 | $ 66,394,043 | $ 8,886,204 | $ 52,296,710 | $ 32,667,837 | $ 295,470,802 |

1. 上開企業合併取得不動產、廠房及設備請詳附註六(四十)之說明。
2. 以不動產廠房及設備提供擔保之資訊，請詳附註八之說明。
```