```markdown
# 聯華電子股份有限公司及子公司
## 合併綜合損益表
### 民國一一二年及一一一年一月至三月三十一日
#### （僅經核閱，未依審計準則查核）
#### （金額除每股盈餘外，均以新臺幣千元為單位）

| 代 碼 | 項 目 | 附 註 | 金 額 | % | 金 額 | % |
| --- | --- | --- | --- | --- | --- | --- |
| 4000 | 營業收入 | 四、六.21及七 | $ 54,209,447 | 100.00 | $ 63,422,820 | 100.00 |
| 5000 | 營業成本 | 四、六.6、六.10、六.15、六.20、六.21、六.22及七 | (34,985,007) | (64.54) | (35,918,490) | (56.63) |
| 5950 | 營業毛利 | 19,224,440 | 35.46 | 27,504,330 | 43.37 |
|  | 營業費用 | 四、六.5、六.10、六.15、六.20、六.22及七 |  |  |  |  |
| 6100 | 推銷費用 | (950,313) | (1.75) | (1,254,548) | (1.98) |
| 6200 | 管理費用 | (2,102,198) | (3.88) | (2,226,939) | (3.51) |
| 6300 | 研究發展費用 | (2,766,607) | (5.10) | (3,032,939) | (4.78) |
| 6450 | 預期信用減損利益 | 38,586 | 0.07 | 945 | 0.00 |
| 6000 | 營業費用合計 | (5,780,532) | (10.66) | (6,513,481) | (10.27) |
| 6500 | 其他收益及費損淨額 | 四、六.16及六.23 | 1,036,790 | 1.91 | 1,343,338 | 2.12 |
| 6900 | 營業利益 | 14,480,698 | 26.71 | 22,334,187 | 35.22 |
|  | 營業外收入及支出 |  |  |  |  |  |
| 7100 | 利息收入 | 四 | 1,229,719 | 2.27 | 168,970 | 0.27 |
| 7010 | 其他收入 | 四 | 13,945 | 0.03 | 16,630 | 0.03 |
| 7020 | 其他利益及損失 | 四及六.24 | 742,166 | 1.37 | 2,564,170 | 4.04 |
| 7050 | 財務成本 | 六.24 | (347,250) | (0.64) | (503,890) | (0.80) |
| 7060 | 採用權益法認列之關聯企業及合資損益之份額 | 四及六.7 | 3,248,054 | 5.99 | (1,858,432) | (2.93) |
| 7230 | 外幣兌換利益 | 四 | – | – | 926,239 | 1.46 |
| 7630 | 外幣兌換損失 | 四 | (238,881) | (0.44) | – | – |
| 7000 | 營業外收入及支出合計 | 4,647,753 | 8.58 | 1,313,687 | 2.07 |
| 7900 | 稅前淨利 | 19,128,451 | 35.29 | 23,647,874 | 37.29 |
| 7950 | 所得稅費用 | 四及六.26 | (2,743,904) | (5.07) | (3,582,251) | (5.65) |
| 8200 | 本期淨利 | 16,384,547 | 30.22 | 20,065,623 | 31.64 |
|  | 其他綜合損益 |  |  |  |  |  |
| 8316 | 不重分類至損益之項目 | 四 | 3,073,833 | 5.67 | (1,666,445) | (2.63) |
| 8320 | 透過其他綜合損益按公允價值衡量之權益工具投資未實現評價損益 |  |  |  |  |  |
| 8349 | 與不重分類之項目相關之所得稅 | 四及六.26 | 6,873 | 0.01 | (55,120) | (0.09) |
|  | 後續可能重分類至損益之項目 |  |  |  |  |  |
| 8361 | 國外營運機構財務報表換算之兌換差額 | (1,187,684) | (2.19) | 3,773,432 | 5.95 |
| 8370 | 採用權益法認列之關聯企業及合資之其他綜合損益之份額 | 四及六.26 | 6,968 | 0.02 | 133,067 | 0.21 |
| 8399 | 與可能重分類之項目相關之所得稅 | 四及六.26 | 81,533 | 0.15 | (29,890) | (0.05) |
| 8300 | 本期其他綜合損益（淨額） | 3,325,087 | 6.14 | 1,421,884 | 2.24 |
| 8500 | 本期綜合損益總額 | $ 19,709,634 | 36.36 | $ 21,487,507 | 33.88 |
|  | 淨利（損）歸屬於： |  |  |  |  |  |
| 8610 | 母公司業主 | $ 16,183,002 | 29.85 | $ 19,807,535 | 31.23 |
| 8620 | 非控制權益 | 201,545 | 0.37 | 258,088 | 0.41 |
|  | $ 16,384,547 | 30.22 | $ 20,065,623 | 31.64 |
|  | 綜合損益總額歸屬於： |  |  |  |  |  |
| 8710 | 母公司業主 | $ 19,508,092 | 35.99 | $ 21,229,387 |