```markdown
(2) 本集團重大關聯企業之彙總性財務資訊如下：

|資產負債表|台塑石化公司|
|---|---|
|111年9月30日|110年12月31日|110年9月30日|
|流動資產|268,823,207|286,706,644|269,316,751|
|非流動資產|156,139,254|162,099,170|162,408,610|
|流動負債|(66,981,454)|(56,639,797)|(49,777,015)|
|非流動負債|(31,548,190)|(34,751,549)|(34,330,486)|
|淨資產總額|326,432,817|357,414,468|347,617,860|
|占關聯企業淨資產之份額|78,833,526|86,315,594|83,949,713|
|逆流銷貨交易未實現|
|銷貨損失(利益)沖銷|142,296|(124,152)|(153,257)|
|股權淨值差|(110,719)|(110,719)|(110,719)|
|關聯企業帳面價值|78,865,103|86,080,723|83,685,737|

綜合損益表

|台塑石化公司|
|---|
|111年7月1日至9月30日|110年7月1日至9月30日|
|收入|228,408,042|163,360,943|
|繼續營業單位本期淨(損)利|6,280,737|10,290,765|
|其他綜合損益(稅後淨額)|7,341,116|2,829,441|
|本期綜合損益總額|13,621,853|13,120,206|
|自關聯企業收取之股利|8,743,039|1,357,472|

台塑石化公司

|111年1月1日至9月30日|110年1月1日至9月30日|
|---|---|
|收入|651,896,211|437,311,067|
|繼續營業單位本期淨利|24,305,970|41,795,832|
|其他綜合損益(稅後淨額)|19,089,563|3,340,648|
|本期綜合損益總額|5,216,407|45,136,480|
|自關聯企業收取之股利|8,743,039|1,357,472|

(3) 集團個別不重大關聯企業之帳面金額及其經營結果之份額彙總如下：

民國111年9月30日、110年12月31日及110年9月30日，本集團個別不重大關聯企業之帳面金額合計分別為$43,360,691、$43,551,979及$43,245,242。

|111年7月1日至9月30日|110年7月1日至9月30日|
|---|---|
|繼續營業單位本期淨利|1,266,986|1,077,731|
|其他綜合損益(稅後淨額)|188,206|3,769,636|
|本期綜合損益總額|1,455,192|4,847,367|
```