# 财务报告

## 合并资产负债表

### 研华股份有限公司及子公司

### 民国111年9月30日及民国110年12月31日、9月30日

（民国111年及110年9月30日之合并资产负债表未经审计，未依一般公认审计准则查核）

单位：新台币仟元

### 流动资产

| 项目 | 111年9月30日 | 110年12月31日 | 110年9月30日 |
|------|--------------|---------------|--------------|
| 1100 现金及约当现金 | $ 9,414,099 | $ 9,301,152 | $ 7,036,233 |
| 1110 透过损益按公允价值衡量之金融资产－流动 | 454,934 | 2,011,279 | 1,503,891 |
| 1136 按摊销后成本衡量之金融资产－流动 | 94,000 | 113,548 | 124,961 |
| 1150 应收票据净额 | 1,532,355 | 2,038,948 | 2,183,463 |
| 1170 应收帐款净额 | 11,145,110 | 8,215,075 | 8,187,614 |
| 1180 应收帐款－关系人净额 | 35,924 | 37,920 | 55,931 |
| 1200 其他应收款 | 56,203 | 54,497 | 34,856 |
| 1210 其他应收款－关系人 | - | - | 21,449 |
| 130X 存货 | 14,938,046 | 12,517,416 | 12,589,572 |
| 1470 其他流动资产 | 1,065,682 | 831,655 | 754,308 |
| 11XX 流动资产合计 | 38,736,353 | 35,121,490 | 32,492,278 |

### 非流动资产

| 项目 | 111年9月30日 | 110年12月31日 | 110年9月30日 |
|------|--------------|---------------|--------------|
| 1510 透过损益按公允价值衡量之金融资产－非流动 | 2,471,549 | 1,659,120 | 881,104 |
| 1517 透过其他综合损益按公允价值衡量之金融资产－非流动 | 2,053,946 | 2,516,420 | 2,193,408 |
| 1550 接用权益法之投资 | 4,187,195 | 3,856,835 | 3,747,855 |
| 1600 不动产、厂房及设备 | 10,789,753 | 10,246,751 | 10,007,232 |
| 1755 使用权资产 | 675,667 | 594,368 | 647,668 |
| 1780 无形资产 | 2,830,513 | 2,665,425 | 3,027,198 |
| 1840 遗延所得税资产 | 743,046 | 985,675 | 767,040 |
| 1915 预付设备款 | 148,055 | 116,347 | 158,088 |
| 1990 其他非流动资产－其他 | 79,713 | 65,806 | 63,938 |
| 15XX 非流动资产合计 | 23,979,437 | 22,706,747 | 21,493,531 |
| 1XXX 资产总计 | $ 62,715,790 | $ 57,828,237 | $ 53,985,809 |

### （续次页）

---

## 资产负债表（续）

### 研华股份有限公司及子公司

### 民国111年9月30日及民国110年12月31日、9月30日

（民国111年及110年9月30日之合并资产负债表未经审计，未依一般公认审计准则查核）

单位：新台币仟元

### 流动负债

| 项目 | 111年9月30日 | 110年12月31日 | 110年9月30日 |
|------|--------------|---------------|--------------|
| 1120 应付票据净额 | 1,777 | 1,750 | 2,137 |
| 1140 应付帐款净额 | 25,699,639 | 33,243,220 | 39,578,483 |
| 1160 其他应付款 | 10,789,753 | 10,246,751 | 10,007,232 |
| 1180 应付帐款－关系人净额 | 675,667 | 594,368 | 647,668 |
| 1200 其他应付款 | 2,830,513 | 2,665,425 | 3,027,198 |
| 1210 其他应付款－关系人 | 743,046 | 985,675 | 767,040 |
| 1220 预付设备款 | 148,055 | 116,347 | 158,088 |
| 1230 其他非流动负债－其他 | 79,713 | 65,806 | 63,938 |
| 12XX 流动负债合计 | 23,979,437 | 22,706,747 | 21,493,531 |
| 1XXX 负债总计 | $ 62,715,790 | $ 57,828,237 | $ 53,985,809 |

### （续次页）

---

## 资产负债表（续）

### 研华股份有限公司及子公司

### 民国111年9月30日及民国110年12月31日、9月30日

（民国111年及110年9月30日之合并资产负债表未经审计，未依一般公认审计准则查核）

单位：新台币仟元

### 所有者权益

| 项目 | 111年9月30日 | 110年12月31日 | 110年9月30日 |
|------|--------------|---------------|--------------|
| 1300 实收资本 | 25,699,639 | 33,243,220 | 39,578,483 |
| 1310 资本公积 | 10,789,753 | 10,246,751 | 10,007,232 |
| 1320 盈余公积 | 675,667 | 