### 财务报告

#### 1. 流动资产
| 代 码 | 112年3月31日 | 111年12月31日 | 111年3月31日 |
|------|--------------|---------------|--------------|
| 1100 | 现金及约当现金（附注六） | $46,866,082 | $39,420,666 | $42,892,859 |
| 1110 | 透支损益按公允价值衡量之金融资产－流动（附注七） | 2,116,460 | 4,545,168 | 3,853,705 |
| 1136 | 按摊销后成本衡量之金融资产－流动（附注九） | 16,165,394 | 13,157,089 | 7,504,590 |
| 1139 | 避险之金融资产－流动（附注十） | 341,767 | 161,905 | 88,707 |
| 1150 | 应收票据净额（附注十一） | 138,338 | 116,684 | 244,636 |
| 1170 | 应收帐款净额（附注十一、三二及三三） | 20,121,329 | 22,146,434 | 23,815,597 |
| 1200 | 其他应收款（附注三二） | 1,821,194 | 2,252,805 | 963,822 |
| 130X | 存货（附注十二及三三） | 25,295,012 | 26,944,816 | 26,122,761 |
| 1410 | 预付款项 | 2,776,352 | 1,951,980 | 2,124,500 |
| 1470 | 其他流动资产 | 690,229 | 1,007,044 | 1,029,741 |
| 11XX | 流动资产总计 | 116,332,167 | 111,704,591 | 108,661,218 |

#### 2. 非流动资产
| 代 码 | 112年3月31日 | 111年12月31日 | 111年3月31日 |
|------|--------------|---------------|--------------|
| 1510 | 透支损益按公允价值衡量之金融资产－非流动（附注七） | 1,291,155 | 1,331,226 | 1,264,119 |
| 1517 | 透支其他综合损益按公允价值衡量之金融资产－非流动（附注八） | 855,298 | 812,139 | 780,487 |
| 1535 | 按摊销后成本衡量之金融资产－非流动（附注九） | 20,745,453 | 20,400,172 | 13,743,676 |
| 1538 | 避险之金融资产－非流动（附注十） | 779,838 | 831,882 | 556,475 |
| 1550 | 采用权益法之投资（附注十四） | 3,343,831 | 3,395,606 | 1,599,955 |
| 1600 | 不动产、厂房及设备（附注十五及三三） | 62,961,506 | 59,871,278 | 53,400,974 |
| 1755 | 使用权资产 | 1,246,202 | 1,263,123 | 1,326,508 |
| 1760 | 投资性不流动（附注十六及三三） | 36,734 | 36,936 | 136,097 |
| 1805 | 商誉（附注十七） | 47,567,155 | 47,948,779 | 45,302,477 |
| 1821 | 其他无形资产净额（附注十八） | 24,061,973 | 24,331,270 | 22,900,643 |
| 1840 | 潜在所得税资产（附注二五） | 3,500,681 | 3,567,488 | 4,552,059 |
| 1920 | 存出保证金 | 224,862 | 221,940 | 212,426 |
| 1990 | 其他非流动资产 | 3,301,600 | 1,569,119 | 728,143 |
| 15XX | 非流动资产总计 | 169,916,288 | 165,480,958 | 146,504,039 |

#### 3. 资产总计
| 代 码 | 112年3月31日 | 111年12月31日 | 111年3月31日 |
|------|--------------|---------------|--------------|
| 1XXX | 资产总计 | $286,248,455 | $277,185,549 | $255,165,257 |

#### 4. 负债及所有者权益
| 代 码 | 112年3月31日 | 111年12月31日 | 111年3月31日 |
|------|--------------|---------------|--------------|
| 2100 | 短期借款（附注十九及三三） | $11,028,704 | $12,492,638 | $18,320,812 |
| 2110 | 应付短期票据（附注十九） | 35,385,619 | 28,075,967 | 20,075,116 |
| 2120 | 透支损益按公允价值衡量之金融负债－流动（附注七） | 128,741 | 210,354 | 95,210 |
| 2150 | 应付票据 | 532 | 852 | 1,012 |
| 2170 | 应付帐款（附注三二） | 13,195,350 | 14,353,411 | 17,390,961 |
| 2220 | 其他应付款（附注二一及三二） | 25,369,793 | 23,136,523 | 21,739,877 |
| 2230 | 本期所得税负债（附注二五） | 5,076,613 | 5,930,871 | 5,385,044 |
| 2280 | 租赁负债－流动 | 305,936 | 321,627 | 368,390 |
| 2320 | 一年内到期之长期借款及应付公司债（附注十九及二十） | 9,344,571 | 9,17