以下是根据提供的PDF财务报告图像提取的文本和表格信息：

### 文本输出
研华股份有限公司及子公司
合併綜合損益表
民国112年及111年1月1日至3月31日
（僅經核閱，未依審計準則查核）

单位：新台幣仟元
（除每股盈餘為新台幣元外）

### 表格数据输出
| 项目 | 112年3月31日 | 111年12月31日 | 111年3月31日 |
|------|--------------|---------------|--------------|
| 营业收入 | $ 17,395,607 | $ 16,119,517 | $ 16,119,517 |
| 营业成本 | (10,484,627) | (9,962,306) | (9,962,306) |
| 营业毛利净额 | 6,910,980 | 6,157,211 | 6,157,211 |
| 营业费用 | (3,409,478) | (3,142,536) | (3,142,536) |
| 营业利益 | 3,501,502 | 3,014,675 | 3,014,675 |
| 营业外收入及支出 | | | |
| 利息收入 | 40,820 | 4,784 | 4,784 |
| 其他收入 | 35,571 | 37,765 | 37,765 |
| 其他利益及损失 | 88,500 | 86,934 | 86,934 |
| 财务成本 | (11,212) | (4,535) | (4,535) |
| 接用權益法认列之关联企业及合資损益之份額 | 24,949 | - | 29,948 |
| 营业外收入及支出合計 | 178,628 | 1 | 154,896 |
| 税前净利 | 3,680,130 | 21 | 3,169,571 |
| 所得税费用 | (725,454) | (4) | (601,536) |
| 本期净利 | $ 2,954,676 | 17 | $ 2,568,035 |

### Markdown表格格式
```markdown
| 项目 | 112年3月31日 | 111年12月31日 | 111年3月31日 |
|------|--------------|---------------|--------------|
| 营业收入 | $ 17,395,607 | $ 16,119,517 | $ 16,119,517 |
| 营业成本 | (10,484,627) | (9,962,306) | (9,962,306) |
| 营业毛利净额 | 6,910,980 | 6,157,211 | 6,157,211 |
| 营业费用 | (3,409,478) | (3,142,536) | (3,142,536) |
| 营业利益 | 3,501,502 | 3,014,675 | 3,014,675 |
| 营业外收入及支出 | | | |
| 利息收入 | 40,820 | 4,784 | 4,784 |
| 其他收入 | 35,571 | 37,765 | 37,765 |
| 其他利益及损失 | 88,500 | 86,934 | 86,934 |
| 财务成本 | (11,212) | (4,535) | (4,535) |
| 接用權益法认列之关联企业及合資损益之份額 | 24,949 | - | 29,948 |
| 营业外收入及支出合計 | 178,628 | 1 | 154,896 |
| 税前净利 | 3,680,130 | 21 | 3,169,571 |
| 所得税费用 | (725,454) | (4) | (601,536) |
| 本期净利 | $ 2,954,676 | 17 | $ 2,568,035 |
```

请注意，上述输出是根据提供的图像内容生成的，可能不包含所有细节或特定格式要求。在实际应用中，可能需要进一步调整以满足特定需求。