### 财务报告

#### 3. 现金流量避险

| 项目 | 111年 | 110年 |
|------|------|------|
| 现金流量避险准备 | | |
| 1月1日 | ($ 52,476) | $ 16,894 |
| 認列於其他綜合損益之有效避險損益 | 272,428 | ( 82,632) |
| 因被避險項目已影響損益而 | ( 45,559) | ( 207) |
| 重分類至損益 | | |
| 認列於其他綜合損益之有效 | | |
| 避險相關之所得稅 | ( 52,237) | 17,284 |
| 9月30日 | $ 122,156 | ($ 48,661) |

本集團為規避短期借款所暴露之匯率及利率風險影響，承作換匯換利合約，避險工具之公允價值變動屬有效避險部分，將遞延認列於其他綜合損益項下之現金流量避險準備，於被避險項目後續支付本金或利息時，直接納入外幣兌換損益及財務成本。

#### (五)應收票據及帳款淨額(含關係人)

| 项目 | 111年9月30日 | 110年12月31日 | 110年9月30日 |
|------|--------------|---------------|--------------|
| 應收票據 | $ 3,291,010 | $ 2,063,891 | $ 3,000,032 |
| 應收分期票據 | 9,048,717 | 8,333,934 | 8,297,975 |
| 應收帳款 | 6,719,356 | 5,266,711 | 5,766,428 |
| 應收分期帳款 | 217,156,023 | 178,995,777 | 166,564,650 |
| 應收租賃款及票據 | 28,023,115 | 24,394,947 | 22,069,480 |
| 應收保費 | 669,624 | 751,027 | 675,297 |
| 催收款項 | 39,013 | 37,523 | 66,981 |
| | | | |
| | 264,946,858 | 219,843,810 | 206,440,843 |
| | | | |
| 減：未實現利息收入 | ( 25,822,297) | ( 19,093,881) | ( 17,471,775) |
| | | | |
| 未賺得融資收益 | ( 2,686,969) | ( 2,349,549) | ( 2,198,886) |
| | | | |
| 備抵損失 | ( 4,480,352) | ( 3,782,588) | ( 3,626,253) |
| | | | |
| 應收票據及帳款淨額 | $ 231,957,240 | $ 194,617,792 | $ 183,143,929 |
| | | | |
| | | | |
| | | | |
| | | | |
| | | | |
| | | | |
| | | | |
| | | | |
| | | | |
| | | | |
| | | | |
| | | | |
| | | | |
| | | | |
| | | | |
| | | | |
| | | | |
| | | | |
| | | | |
| | | | |
| | | | |
| | | | |
| | | | |
| | | | |
| | | | |
| | | | |
| | | | |
| | | | |
| | | | |
| | | | |
| | | | |
| | | | |
| | | | |
| | | | |
| | | | |
| | | | |
| | | | |
| | | | |
| | | | |
| | | | |
| | | | |
| | | | |
| | | | |
| | | | |
| | | | |
| | | | |
| | | | |
| | | | |
| | | | |
| | | | |
| | | | |
| | | | |
| | | | |
| | | | |
| | | | |
| | | | |
| | | | |
| | | | |
| | | | |
| | | | |
| | | | |
| | | | |
| | | | |
| | | | |
| | | | |
| | | | |
| | | | |
| | | | |
| | | | |
| | | | |
| | | | |
| | | | |
| | | | |
| | | | |
| | | | |
| | | | |
| | | | |
| | | | |
| | | | |
| | | | |
| | | | |
| | | | |
| | | | |
| | | | |
| | | | |
| | | | |
| | | | |
| | | | |
| | | | |
| | | | |
| | | | |
| | | | |
| | | | |
| | | | |
| | | | |
| | | | |
| | | | |
| | | | |
| | | | |
| | | | |
| | | | |
| | | | |
| | | | |
| | | | |
| | | | |
| | | | |
| | | | |
| | | | |
| | | | |
| | | | |
| | | | |
| | | | |
| | | | |
| | | | |
| | | | |
| | | | |
| | | | |
| | | | |
| | | | |
| | | | |
| | | | |
| | | | |
| | | | |
| | | | |
| | | | |
| | | | |
| | | | |
| | | | |
| | | | |
| | | | |
| | | | |
| | | | |
| | | | |
| | | | |
| | | | |
| | | | |
| | | | |
| | | | |
| | | | |
| | | | |
| | | | |
| | | | |
| | | | |
| | | | |
| | | | |
| | | | |
| | | | |
| | | | |
| | | | |
| | | | |
| | | | |
| | | | |
| | | | |
| | | | |
| | | | |
| | | | |
| | | | |
| | | | |
| | | | |
| | | | |
| | | | |
| | | | |
| | | | |
| | | | |
| | | | |
| | | | |
| | | | |
| | | | |
| | | | |
| | | | |
| | | | |
| | | | |
| | | | |
| | | | |
| | | | |
| | | | |
| | | | |
| | | | |
| | | | |
| | | | |
| | | | |
| | | | |
| | | | |
| | | | |
| | | | |
| | | | |
| | | | |
| | | | |
| | | | |
| | | | |
| | | | |
| | | | |
| | | | |
| | | | |
| | | | |
| | | | |
| | | | |
| | | | |
| | | | |
| | | | |
| | | | |
| | | | |
| | | | |
| | | | |
| | | | |
| | | | |
| | | | |
| | | | |
| | | | |
| | | | |
| | | | |
| | | | |
| | | | |
| | | | |
| | | | |
| | | | |
| | | | |
| | | | |
| | | | |
| | | | |
| | | | |
| | | | |
