```markdown
# 台灣積體電路製造股份有限公司及子公司
## 合併現金流量表
### 民國 112 年及 111 年 1 月 1 日至 3 月 31 日
#### （僅經核閱，未依審計準則查核）

|  | 112年1月1日至3月31日 | 111年1月1日至3月31日 |
|---|---|---|
| 營業活動之現金流量： | | |
| 稅前淨利 | $ 244,274,931 | $ 226,831,696 |
| 調整項目： | | |
| 收益費損項目 | | |
| 折舊費用 | 108,083,376 | 108,934,265 |
| 攤銷費用 | 2,239,265 | 2,167,798 |
| 預期信用減損損失－債務工具投資 | 6,164 | 11,768 |
| 財務成本 | 2,963,686 | 2,140,766 |
| 採用權益法認列之關聯企業損益份額 | ( 1,038,817 ) | ( 1,725,490 ) |
| 利息收入 | ( 13,617,818 ) | ( 1,673,879 ) |
| 股份基礎給付酬勞成本 | 100,772 | 27,453 |
| 處分及報廢不動產、廠房及設備淨損 | 114,442 | 48,257 |
| 處分及報廢無形資產淨益 | ( 769 ) | - |
| 不動產、廠房及設備減損損失 | - | 790,740 |
| 透過損益按公允價值衡量之金融工具淨利益 | ( 23,522 ) | - |
| 處分透過其他綜合損益按公允價值衡量之債 | | |
| 務工具投資淨損失 | 135,693 | 140,778 |
| 外幣兌換淨損（益） | ( 1,319,013 ) | 2,074,789 |
| 股利收入 | ( 72,021 ) | ( 75 ) |
| 其他 | 85,997 | ( 258,328 ) |
| 與營業活動相關之資產／負債淨變動數 | | |
| 透過損益按公允價值衡量之金融工具 | 633,098 | 918,808 |
| 應收票據及帳款淨額 | 82,040,768 | ( 15,260,809 ) |
| 應收關係人款項 | 1,251,404 | 134,314 |
| 其他應收關係人款項 | ( 7,633 ) | 3,366 |
| 存貨 | 5,081,167 | ( 7,016,361 ) |
| 其他金融資產 | 813,274 | 1,229,128 |
| 其他流動資產 | ( 3,559,651 ) | ( 1,132,181 ) |
| 應付帳款 | ( 8,577,523 ) | 1,367,580 |
| 應付關係人款項 | ( 562,873 ) | 13,710 |
| 應付薪資及獎金 | ( 11,916,528 ) | ( 2,724,989 ) |
| 應付員工酬勞及董事酬勞 | 12,409,938 | 12,241,793 |
| 應付費用及其他流動負債 | ( 42,056,749 ) | 5,607,202 |
| 其他非流動負債 | 9,168,965 | 40,423,182 |
| 淨確定福利負債 | ( 718,789 ) | ( 2,503,589 ) |
| 營運產生之現金 | 385,931,234 | 372,811,692 |
| 支付所得稅 | ( 686,489 ) | ( 642,004 ) |
| 營業活動之淨現金流入 | 385,244,745 | 372,169,688 |

(接次頁)
```