```markdown
| 代 碼 | 112年1月1日至3月31日 | 111年1月1日至3月31日 |
|-------|---------------------|---------------------|
| 4000  | 營業收入淨額（附註二一、三二及三七） | $ 508,632,973 | $ 491,075,873 |
| 5000  | 營業成本（附註十二、二八及三二） | 222,132,581 | 217,872,707 |
| 5950  | 營業毛利 | 286,500,392 | 273,203,166 |
| 6300  | 研究發展費用 | 39,157,036 | 36,048,540 |
| 6200  | 管理費用 | 13,475,948 | 10,500,027 |
| 6100  | 行銷費用 | 2,676,360 | 2,062,623 |
| 6000  | 合 計 | 55,309,344 | 48,611,190 |
| 6500  | 其他營業收益及費損淨額（附 註十四及二八） | 47,109 | - | (801,858) |
| 6900  | 營業淨利（附註三七） | 231,238,157 | 223,790,118 |
| 7060  | 採用權益法認列之關聯企業損益份額 | 1,038,817 | - | 1,725,490 |
| 7100  | 利息收入（附註二二） | 13,617,818 | 3 | 1,673,879 |
| 7190  | 其他收入 | 87,910 | - | 308,383 |
| 7230  | 外幣兌換淨益（損）（附 註三五） | (44,363) | - | 1,742,888 |
| 7050  | 財務成本（附註二三） | (2,963,686) | - | (2,140,766) |
| 7020  | 其他利益及損失淨額（附 註二四） | 1,300,278 | - | (268,296) |
| 7000  | 合 計 | 13,036,774 | 3 | 3,041,578 |
| 7900  | 稅前淨利 | 244,274,931 | 48 | 226,831,696 |
| 7950  | 所得稅費用（附註四及二五） | 37,325,895 | 7 | 23,958,322 |
| 8200  | 本期淨利 | 206,949,036 | 41 | 202,873,374 |
```

(接次頁)