```markdown
# 聯華電子股份有限公司及子公司

## 合併綜合損益表

### 民國一一二年及一一二年七月一日至九月三十日
### 月一日至九月三十日
### （金額除每股盈餘外，均以新臺幣千元為單位）

| 代 碼 | 項 目 | 附 註 | 金 額 | % | 金 額 | % | 金 額 | % | 金 額 | % |
| --- | --- | --- | --- | --- | --- | --- | --- | --- | --- | --- |
| 4000 | 營業收入 | 四、六.21及七 | $ 57,068,867 | 100.00 | $ 75,391,589 | 100.00 | $167,574,722 | 100.00 | $210,869,549 | 100.00 |
| 5000 | 營業成本 | 四、六.6、六.10、六.15、六.20、六.21、六.22及七 | (36,607,915) | (64.15) | (39,727,658) | (52.70) | (107,637,178) | (64.23) | (114,229,111) | (54.17) |
| 5950 | 營業毛利 | 20,460,952 | 35.85 | 35,663,931 | 47.30 | 59,937,544 | 35.77 | 96,640,438 | 45.83 |
|  | 營業費用 | 四、六.5、六.10、六.15、六.20、六.22及七 | (7,35,301) | (1.29) | (1,060,571) | (1.41) | (2,401,919) | (1.44) | (3,230,229) | (1.53) |
| 6100 | 推銷費用 | (1,729,613) | (3.03) | (2,427,887) | (3.22) | (5,156,533) | (3.1) | (7,234,202) | (4.3) |
| 6200 | 管理費用 | (3,255,295) | (5.70) | (3,304,471) | (4.38) | (6,339,267) | (3.87) | (9,546,769) | (4.53) |
| 6300 | 研究發展費用 | (1,490) | (0.00) | (650) | (0.00) | 67,331 | 0.04 | (2,388) | (0.00) |
| 6450 | 預期信用減損利益（損失） | (5,721,699) | (10.02) | (6,793,579) | (9.01) | (17,220,388) | (10.28) | (20,013,588) | (9.49) |
| 6500 | 其他收益及費損淨額 | 四、六.16及六.23 | 572,641 | 1.00 | 1,286,907 | 1.71 | 2,750,179 | 1.64 | 4,028,600 | 1.91 |
| 6900 | 營業利益 | 15,311,894 | 26.83 | 30,157,259 | 40.00 | 45,467,335 | 27.13 | 80,655,450 | 38.25 |
|  | 營業外收入及支出 |  |  |  |  |  |  |  |  |  |
| 7100 | 利息收入 | 四 | 1,042,421 | 1.83 | 567,459 | 0.75 | 3,560,433 | 2.12 | 1,023,139 | 0.48 |
| 7010 | 其他收入 | 四 | 1,085,610 | 1.90 | 1,927,245 | 2.56 | 1,731,597 | 1.03 | 2,134,827 | 1.01 |
| 7020 | 其他利益及損失 | 四及六.24 | (180,905) | (0.32) | (1,476,153) | (1.96) | 276,553 | 0.17 | (830,069) | (0.39) |
| 7050 | 財務成本 | 六.24 | (450,410) | (0.79) | (450,828) | (0.60) | (1,147,099) | (0.68) | (1,433,798) | (0.68) |
| 7060 | 採用權益法認列之關聯企業及合資損益之份額 | 四及六.7 | 1,021,601 | 1.79 | 327,916 | 0.44 | 4,995,712 | 2.98 | (3,557,052) | (1.69) |
| 7140 | 廉價購買利益 | 四及六.7 | 494,001 | 0.87 | - | - | 494,001 | 0.29 | - | - |
| 7230 | 外幣兌換利益 | 四 | 324,188 | 0.57 | 1,292,810 | 1.71 | 883,815 | 0.53 | 3,579,599 | 1.70 |
| 7000 | 營業外收入及支出合計 |  | 3,336,506 | 5.85 | 2,188,449 | 2.90 | 10,795,012 | 6.44 | 915,646 | 0.43 |
| 7900 | 稅前淨利 | 18,648,400 | 32.68 | 32,345,708 | 42.90 | 56,262,347 | 33.57 | 81,571,086 | 38.68 |
| 7950 | 所得稅費用 | (2,682,608) | (4.70) | (5,003,346) | (6.63) | (6,015,335) | (4.76) | (12,672,667) | (6.01) |
| 8200 | 本期淨利 | 15,965,792 | 27.98 | 27,342,362 | 3