```markdown
| 代 碼 | 111年1月1日至3月31日 | 110年1月1日至3月31日 |
|-------|---------------------|---------------------|
| 4000  | 營業收入淨額（附註二一、三一及三六） | $ 491,075,873 | $ 362,410,230 |
| 5000  | 營業成本（附註十二、二八及三一） | 217,872,707 | 172,570,800 |
| 5950  | 營業毛利 | 273,203,166 | 189,839,430 |
| 6000  | 營業費用（附註二八及三一） | 48,611,190 | 39,111,833 |
| 6300  | 研究發展費用 | 36,048,540 | 30,756,358 |
| 6200  | 管理費用 | 10,500,027 | 6,524,245 |
| 6100  | 行銷費用 | 2,062,623 | 1,831,230 |
| 6500  | 其他營業收益及費損淨額（附註十四、十五及二八） | (801,858) | (189,407) |
| 6900  | 營業淨利（附註三六） | 223,790,118 | 150,538,190 |
| 7060  | 採用權益法認列之關聯企業損益份額 | 1,725,490 | 1,267,112 |
| 7100  | 利息收入（附註二二） | 1,673,879 | 1,460,904 |
| 7190  | 其他收入 | 308,383 | 308,084 |
| 7230  | 外幣兌換淨益（附註三四） | 1,742,888 | 5,473,989 |
| 7050  | 財務成本（附註二三） | (2,140,766) | (772,095) |
| 7020  | 其他利益及損失淨額（附註二四） | (268,296) | (3,211,795) |
| 7000  | 合 計 | 3,041,578 | 4,526,199 |
| 7900  | 稅前淨利 | 226,831,696 | 155,064,389 |
| 7950  | 所得稅費用（附註四及二五） | 23,958,322 | 15,325,640 |
| 8200  | 本期淨利 | 202,873,374 | 139,738,749 |
```

(接次頁)