```markdown
# 華碩電腦股份有限公司及子公司

## 合併資產負債表
民國112年9月30日及民國111年12月31日、9月30日

| 負債及權益 | 附註 | 112年9月30日 | 111年12月31日 | 111年9月30日 |
| --- | --- | --- | --- | --- |
| 流動負債 |  |  |  |  |
| 2100 | 短期借款 | 六(十三)及八 | $20,536,038 | $48,897,458 | $57,583,584 |
| 2120 | 透過損益按公允價值衡量之金融負債－流動 | 六(二) | 6,532 | 1,585,793 | 127,876 |
| 金融負債－流動 |  |  |  |  |
| 2126 | 避險之金融負債－流動 | 六(五) | 4,114 | 1,933,650 | 67,145 |
| 2130 | 合約負債－流動 | 六(二十二) | 2,643,893 | 2,301,547 | 3,399,505 |
| 2170 | 應付票據及帳款 | 六(七)及七 | 64,707,819 | 51,368,369 | 64,508,739 |
| 220X | 其他應付款－應付費用 | 七 | 38,937,663 | 38,943,789 | 40,995,361 |
| 2230 | 本期所得稅負債 |  | 11,105,465 | 9,489,977 | 9,183,663 |
| 2250 | 負債準備－流動 | 六(十六)及九 | 34,036,210 | 32,584,520 | 33,177,049 |
| 2280 | 租賃負債－流動 |  | 519,015 | 470,211 | 448,550 |
| 2320 | 一年或一營業週期內到期長期負債 | 六(十四)及八 | 10,427 | 10,377 | 10,419 |
| 期負債 |  |  |  |  |
| 2365 | 退款負債－流動 | 六(十七) | 35,566,634 | 30,083,875 | 33,835,902 |
| 2399 | 其他流動負債－其他 | 七 | 4,561,590 | 5,007,712 | 5,613,986 |
| 21XX | 流動負債合計 |  | 212,635,400 | 222,677,278 | 248,951,779 |
| 非流動負債 |  |  |  |  |
| 2540 | 長期借款 | 六(十四)及八 | 137,139 | 144,910 | 147,454 |
| 2570 | 遞延所得稅負債 |  | 19,609,790 | 18,344,096 | 17,927,579 |
| 2580 | 租賃負債－非流動 |  | 885,805 | 908,928 | 935,512 |
| 2600 | 其他非流動負債 | 六(十五) | 2,515,375 | 2,200,671 | 1,275,044 |
| (二十二) |  |  |  |  |
| 25XX | 非流動負債合計 |  | 23,148,109 | 21,598,605 | 20,285,589 |
| 2XXX | 負債總計 |  | 235,783,509 | 244,275,883 | 269,237,368 |
| 归屬於母公司業主之權益 |  |  |  |  |
| 3110 | 普通股股本 | 六(十八) | 7,427,603 | 7,427,603 | 7,427,603 |
| 3200 | 資本公積 | 六(十九) | 11,857,049 | 11,744,485 | 11,746,616 |
| 保留盈餘 |  |  |  |  |
| 3310 | 法定盈餘公積 |  | 45,445,605 | 43,977,035 | 43,977,035 |
| 3320 | 特別盈餘公積 |  | 693,928 | 693,928 | 693,928 |
| 3350 | 未分配盈餘 |  | 113,273,698 | 113,873,089 | 117,696,320 |
| 3400 | 其他權益 | 六(三)(五) | 54,180,417 | 34,664,340 | 34,893,541 |
| (二十一) |  |  |  |  |
| 31XX | 归屬於母公司業主之權益合計 |  | 232,878,300 | 212,380,480 | 216,435,043 |
| 36XX | 非控制權益 |  | 17,686,708 | 14,508,351 | 14,271,221 |
| 3XXX | 權益總計 |  | 250,565,008 | 226,888,831 | 230,706,264 |
| 3X2X | 負債及權益總計 |  | $486,348,517 | $471,164,714 | $499,943,632 |

---

後附合併財務報表附註為本合併財務報告之一部分，請併同參閱。

---

董事長：施崇棠
經理人：許先越
會計主管：劉文婷
```