# 财务报告

## 台达电子工业股份有限公司及子公司
### 合并资产负债表
**单位：新台币仟元**

| 项目 | 111年3月31日 | 110年12月31日 | 110年3月31日 |
|------|--------------|---------------|--------------|
| 流动负债 | | | |
| 2100 短期借款 | $ 3,503,632 | $ 4,397,362 | $ 1,678,806 |
| 2120 透过损益按公允价值衡量之金融负债－流动 | 56,377 | 41,371 | 209,728 |
| 2130 合约负债－流动 | 5,454,738 | 5,438,939 | 5,076,625 |
| 2150 应付票据 | 268 | 440 | 4,295 |
| 2170 应付帐款 | 51,418,230 | 54,554,462 | 47,773,555 |
| 2180 应付帐款－关系人 | 16,512 | 15,023 | 7,596 |
| 2200 其他应付款 | 33,883,482 | 35,652,202 | 34,402,563 |
| 2230 本期所得税负债 | 4,077,918 | 3,486,108 | 3,198,135 |
| 2300 其他流动负债 | 5,243,986 | 4,583,570 | 4,393,714 |
| 流动负债合計 | 103,655,143 | 108,169,477 | 96,745,017 |
| 非流动负债 | | | |
| 2540 长期借款 | 42,072,475 | 43,913,787 | 36,445,402 |
| 2570 遞延所得税负债 | 17,428,188 | 16,777,156 | 16,013,677 |
| 2580 租賃負債－非流動 | 1,443,045 | 1,366,401 | 1,350,887 |
| 2600 其他非流动負債 | 9,741,260 | 8,760,831 | 7,510,890 |
| 非流动負債合計 | 70,684,968 | 70,818,175 | 61,320,856 |
| 负债總計 | 174,340,111 | 178,987,652 | 158,065,873 |
| 权益 | | | |
| 股本 | | | |
| 3110 普通股股本 | 25,975,433 | 25,975,433 | 25,975,433 |
| 資本公積 | 48,944,961 | 49,114,151 | 49,046,774 |
| 保留盈餘 | 29,697,752 | 29,697,752 | 27,342,534 |
| 法定盈餘公積 | 12,543,208 | 12,543,208 | 7,622,034 |
| 特別盈餘公積 | 59,809,936 | 53,622,701 | 54,929,632 |
| 未分配盈餘 | | | |
| 其他權益 | | | |
| 3400 其他權益 | (10,364,858) | (16,166,723) | (11,112,320) |
| 31XX 歸屬於母公司業主之權益 | | | |
| 合計 | 166,606,432 | 154,786,522 | 153,804,087 |
| 36XX 非控制權益 | 33,246,772 | 31,338,136 | 31,930,811 |
| 權益總計 | 199,853,204 | 186,124,658 | 185,734,898 |
| 重大或有負債及未認列之合約承諾 | | | |
| 重大之期後事項 | | | |
| 3X2X 負債及權益總計 | $ 374,193,315 | $ 365,112,310 | $ 343,800,771 |

## 警报和结构化数据输出

### 财务报告摘要
- **负债及权益总计**：199,853,204
- **流动负债合計**：103,655,143
- **非流动负债合計**：70,684,968
- **权益**：174,340,111

### 财务报表
- **资产负债表**：包含流动负债、非流动负债和权益的详细信息。
- **权益**：包括股本、资本公积、保留盈余、法定盈余公积、特别盈余公积、未分配盈余和其他权益。
- **其他权益**：包括其他权益和归属于母公司股东的权益。

### 财务报告附注
- **附注**：对财务报表的详细解释和说明。

### 财务报告解释
- **单位**：新台币仟元
- **日期**：111年3月31日、110年12月31日、110年3月31日

### 财务报告签署
- **董事长**：海英俊
- **经理人**：郑平
- **会计主管**：余博文

### 财务报告说明
- **后附合併財務報表附註為本合併財務報告之一部分，請併同參閱。**

---

**注意：**以上输出是根据提供的财务报告图像生成的文本和表格数据。在实际应用中，应确保数据的准确性和完整性，特别是在处理财务数据时。