### 联华电子股份有限公司及子公司
#### 合并资产负债表
民國一一一年三月三十一日、一一〇年十二月三十一日及一一〇年三月三十一日
（民國一一一年及一一〇年三月三十一日僅經核閱，未依一般公認審計準則查核）
（金额均以新台币千元为单位）

| 代 碼 | 資 產 | 附 註 | 一一一一年三月三十一日 | 一一〇年十二月三十一日 | 一一〇年三月三十一日 |
|-------|-------|-------|------------------------|------------------------|------------------------|
| 1100  | 現金及約當現金 | 六.1 | $ 172,170,231 | $ 132,622,131 | $ 107,285,177 |
| 1110  | 透過損益按公允價值衡量之金融資產-流動 | 六.2 | 775,035 | 945,021 | 1,031,863 |
| 1120  | 透過其他綜合損益按公允價值衡量之金融資產-流動 | 六.3 | 6,082,662 | 8,482,334 | - |
| 1136  | 按攤銷後成本衡量之金融資產-流動 | 六.20 | 20,000 | 20,000 | - |
| 1140  | 合約資產-流動 | 六.4 | 338,593 | 319,621 | 249,468 |
| 1170  | 應收帳款淨額 | 七 | 37,079,955 | 34,624,109 | 28,839,306 |
| 1180  | 應收帳款-關係人淨額 | 六.5 | 967,590 | 566,338 | 397,702 |
| 1200  | 其他應收款 | 12,137 | 775,428 | 857,233 | 1,491,776 |
| 1220  | 本期所得稅資產 | 130X | 25,400,701 | 23,011,183 | 22,225,438 |
| 1410  | 預付款項 | 1470 | 2,378,980 | 2,376,024 | 2,401,731 |
| 11XX  | 流動資產合計 | 11XX | 249,683,169 | 233,273,433 | 179,083,142 |
| 1510  | 透過損益按公允價值衡量之金融資產-非流動 | 六.2及七 | 21,557,371 | 19,501,274 | 16,652,876 |
| 1517  | 透過其他綜合損益按公允價值衡量之金融資產-非流動 | 六.3 | 12,086,558 | 11,353,331 | 14,702,528 |
| 1550  | 採用權益法之投資 | 六.6 | 38,747,795 | 41,692,084 | 33,480,086 |
| 1600  | 不動產、廠房及設備 | 六.8及八 | 130,956,078 | 129,941,703 | 126,430,095 |
| 1755  | 使用權資產 | 六.9及八 | 7,156,909 | 7,126,845 | 7,609,051 |
| 1780  | 無形資產 | 六.10及七 | 3,602,842 | 3,644,933 | 4,657,989 |
| 1840  | 遞延所得稅資產 | 八 | 5,093,475 | 5,395,993 | 6,177,033 |
| 1915  | 預付設備款 | 1920 | 9,123,328 | 8,322,874 | 2,014,082 |
| 1990  | 其他非流動資產-其他 | 1990 | 2,510,462 | 1,815,752 | 1,183,219 |
| 15XX  | 非流動資產合計 | 15XX | 233,225,347 | 231,153,338 | 215,179,012 |
| 1XXX  | 資產總計 | 1XXX | $ 482,908,516 | $ 464,426,771 | $ 394,262,154 |

### 警报和结构化数据输出

#### 警报
- 金额单位：新台币千元
- 日期：民國一一一年三月三十一日、一一〇年十二月三十一日及一一〇年三月三十一日
- 资产类型：流动资产、非流动资产
- 资产项目：现金及约当现金、透过损益按公允价值衡量之金融资产-流动、透过其他综合损益按公允价值衡量之金融资产-流动、按摊销后成本衡量之金融资产-流动、合约资产-流动、应收账款净额、其他应收账款、本期所得税资产、存货净额、预付款项、其他流动资产、流动资产合计、透过损益按公允价值衡量之金融资产-非流动、透过其他综合损益按公允价值衡量之金融资产-非流动、采用权益法之投资、不动产、厂房及设备、使用权资产、无形资产、递延所得税资产、预付设备款、其他非流动资产-其他、非流动资产合计、资产总计

#### 结构化数据输出
| 项目 | 一一一一年三月三十一日 | 一一〇年十二月三十一日 | 一一〇年三月三十一日 |
|-------|------------------------|------------------------|------------------------|
| 現金及約當現金 | $ 172,170,231 | $ 132,622,131 | $ 107,285,177 |
| 透過損益按公允價值衡量之金融資產-流動 | 775,035 | 945,021 | 1,031,863 |
| 透過其他綜合損益按公允價值衡量之金融資產-流動 | 6,082,662 | 8,482,334 | - |
| 按攤銷後成本衡量之金融資產-流動 | 20,000 | 20,000 | - |
| 合約資產-流動 | 338,593 | 319,621 | 249,468 |
| 應收帳款淨額 | 37,079,955 | 34,624,109 | 28,839,306 |
| 應收帳款-關係人淨額 | 967,590 | 566,338 | 397,702 |
| 其他應收款 | 12,137 | 775,428 | 857,233 |
| 本期所得