```markdown
| 性質 | 已認列之金融資產/負債總額 | 於資產負債表互抵之已認列之金融資產/負債總額 | 列報於資產負債表之金融資產/負債淨額 |
|------|--------------------------|------------------------------------------|------------------------------------------|
| 銀行存款/銀行借款 | $ 900,749,174 | $ 900,749,174 | $ - |

(十八)其他應付款

| 112年9月30日 | 111年12月31日 | 111年9月30日 |
|--------------|--------------|--------------|
| 應付薪資及獎金 | $ 46,728,941 | $ 62,934,936 | $ 54,432,897 |
| 應付設備款 | 24,727,906 | 28,837,155 | 19,477,924 |
| 應付員工酬勞 | 23,937,332 | 20,241,273 | 25,198,389 |
| 應付消耗用品(含間接材料) | 11,537,322 | 13,083,091 | 14,773,951 |
| 應付利息 | 16,695,553 | 11,657,373 | 9,566,587 |
| 應付權利金 | 3,831,564 | 5,465,498 | 5,920,046 |
| 應付稅金 | 5,563,176 | 5,978,962 | 7,853,616 |
| 限制性股票回購義務 | 844,576 | 1,117,627 | 2,173,661 |
| 其他 | 93,396,813 | 97,419,676 | 93,795,110 |
| 总計 | $ 227,263,183 | $ 246,735,591 | $ 233,192,181 |

本集團之子公司富士康工業互聯網股份有限公司於民國108年發行員工限制性新股，員工須支付價款取得員工權利新股，員工若於既得期間離職應返還股票，本集團亦須退回價款，於給與日就預計將既得期間內離職員工所支付價款部分認列為負債。

(十九)其他流動負債-其他

| 112年9月30日 | 111年12月31日 | 111年9月30日 |
|--------------|--------------|--------------|
| 預收代購原物料及設備款 | $ 40,595,784 | $ 34,720,807 | $ 27,228,011 |
| 存入保證金 | 24,212,669 | 43,489,589 | 43,948,169 |
| 合約負債-預收貨款 | 19,879,499 | 20,738,272 | 19,808,553 |
| 合約負債-遞延收入 | 6,578,537 | 7,206,931 | 7,506,205 |
| 其他 | 5,433,401 | 4,365,174 | 5,474,008 |
| 总計 | $ 96,699,890 | $ 110,520,773 | $ 103,964,946 |

(二十)應付公司債

| 112年9月30日 | 111年12月31日 | 111年9月30日 |
|--------------|--------------|--------------|
| 可轉換公司債 | $ 19,183,116 | $ 20,683,116 | $ 33,961,557 |
| 加:應付公司債溢價 | - | - | 7,500 |
| 減:應付公司債折價 | - | - | (1,124) |
| 小計 | 19,183,116 | 20,689,492 | 33,938,922 |
| 普通公司債 | 185,000,000 | 148,050,000 | 144,000,000 |
| 海外普通公司債 | 94,446,223 | 89,949,590 | 92,940,188 |
| 總計 | 298,629,339 | 258,689,082 | 270,879,110 |
| 減：一年內到期或可賣回之公司債（表列「一年或一營業週期內到期長期負債」） | (59,912,639) | (13,406,376) | (31,105,807) |
| 总計 | $ 238,716,700 | $ 245,282,706 | $ 239,773,303 |
```