```markdown
| 代 碼 | 資 產 | 附 註 | 金 額 | % | 金 額 | % | 金 額 | % |
|-------|-------|-------|-------|---|-------|---|-------|---|
| 1100  | 現金及約當現金 | 六. 1 | $ 180,649,140 | 34.78 | $ 132,622,131 | 28.56 | $ 113,104,860 | 26.38 |
| 1110  | 透過損益按公允價值衡量之金融資產-流動 | 六. 2 | 674,821 | 0.13 | 945,021 | 0.20 | 939,421 | 0.22 |
| 1120  | 透過其他綜合損益按公允價值衡量之金融資產-流動 | 六. 3 | 2,446,101 | 0.47 | 8,482,334 | 1.83 | 6,452,239 | 1.50 |
| 1136  | 按攤銷後成本衡量之金融資產-流動 | 六. 4 | 896,103 | 0.17 | 28,854,684 | 6.21 | 30,560,960 | 7.13 |
| 1140  | 合約資產-流動 | 六. 21 | 384,060 | 0.08 | 319,621 | 0.07 | 249,928 | 0.06 |
| 1150  | 應收票據 | - | - | - | - | 66 | 0.00 |
| 1170  | 應收帳款淨額 | 六. 5 | 43,586,419 | 8.39 | 34,624,109 | 7.46 | 32,737,635 | 7.63 |
| 1180  | 應收帳款-關係人淨額 | 七 | 1,255,658 | 0.24 | 566,338 | 0.12 | 247,842 | 0.06 |
| 1200  | 其他應收款 | 1,615,226 | 0.31 | 857,233 | 0.18 | 1,134,969 | 0.26 |
| 1220  | 本期所得稅資產 | 18,930 | 0.00 | 2,597 | 0.00 | 6,994 | 0.00 |
| 130X  | 存貨淨額 | 六. 6 | 30,101,698 | 5.80 | 23,011,183 | 4.96 | 23,149,692 | 5.40 |
| 1410  | 預付款項 | 2,573,697 | 0.50 | 2,376,024 | 0.51 | 2,169,867 | 0.51 |
| 1470  | 其他流動資產 | 六. 13及六. 21 | 2,742,785 | 0.53 | 612,158 | 0.13 | 848,953 | 0.20 |
| 11XX  | 流動資產合計 | | 266,944,638 | 51.40 | 233,273,433 | 50.23 | 211,603,426 | 49.35 |
|-------|-------|-------|-------|---|-------|---|-------|---|
| 1510  | 透過損益按公允價值衡量之金融資產-非流動 | 六. 2及七 | 18,662,043 | 3.59 | 19,501,274 | 4.20 | 17,286,421 | 4.03 |
| 1517  | 透過其他綜合損益按公允價值衡量之金融資產-非流動 | 六. 3 | 10,347,617 | 1.99 | 11,353,331 | 2.44 | 7,209,128 | 1.68 |
| 1535  | 按攤銷後成本衡量之金融資產-非流動 | 六. 4 | 16,277 | 0.00 | 8,786 | 0.00 | 8,786 | 0.00 |
| 1550  | 採用權益法之投資 | 六. 7 | 32,909,670 | 6.34 | 41,692,084 | 8.98 | 38,321,811 | 8.94 |
| 1600  | 不動產、廠房及設備 | 六. 8及八 | 149,118,651 | 28.71 | 129,941,703 | 27.98 | 125,701,909 | 29.31 |
| 1755  | 使用權資產 | 六. 9及八 | 7,902,894 | 1.52 | 7,126,845 | 1.53 | 7,238,525 | 1.69 |
| 1780  | 無形資產 | 六. 10及七 | 4,200,891 | 0.81 | 3,644,933 | 0.79 | 4,191,725 | 0.98 |
| 1840  | 遞延所得稅資產 | 5,127,554 | 0.99 | 5,395,993 | 1.16 | 5,660,239 | 1.32 |
| 1915  | 預付設備款 | 16,427,894 | 3.16 | 8,322,874 | 1.79 | 7,542,238 | 1.76 |
| 1920  | 存出保證金 | 2,757,248 | 0.53 | 2,358,549 | 0.51 | 2,410,884 | 0.56 |
| 1990  | 其他非流動資產-其他 | 八 | 4,978,543 | 0.96 | 1,806,966 | 0.39 | 1,617,539 | 0.38 |
| 15XX  | 非流動資產合計 | | 252,449,282 | 48.60 | 231,153,338 | 49.77 | 217,189,205 | 50.65 |
|-------|-------|-------|-------|---|-------|---|-------|---|
| 1XXX  | 資產總計 | | $ 519,393,920 | 100.00 | $ 464,426,771 | 100.