```markdown
(2) 本集團重大關聯企業之彙總性財務資訊如下：

資產負債表

|             | 111年3月31日 | 110年12月31日 | 110年3月31日 |
|-------------|--------------|--------------|--------------|
| 流動資產     | $ 289,566,768 | $ 297,235,153 | $ 306,346,029 |
| 非流動資產   | 170,747,878   | 176,118,468   | 190,300,314   |
| 流動負債     | ( 187,404,920) | ( 205,544,287) | ( 228,214,481) |
| 非流動負債   | ( 159,726,346) | ( 163,303,108) | ( 174,593,039) |
| 淨資產總額   | 113,183,380   | 104,506,226   | 93,838,823    |
| 會計原則影響數 | 2,621,479     | 1,595,032     | ( 5,133,751)  |
| 商標及其他無形、有形 |             |             |             |
| 淨資產公允價值調整 | 92,508,145    | 94,474,710    | 102,941,925   |
| 調整後淨資產總額 | $ 208,313,004 | $ 200,575,968 | $ 191,646,997 |
| 占關聯企業淨資產之份額 | $ 74,307,127  | $ 71,625,206  | $ 68,177,825  |
| 份額(註)       |             |             |             |
| 商譽           | 12,061,814    | 12,061,814    | 12,207,322    |
| 其他           | ( 3,468,392)  | ( 2,476,211)  | ( 1,948,066)  |
| 關聯企業帳面價值 | $ 82,900,549  | $ 81,210,809  | $ 78,437,081  |

注: SHARP CORPORATION 於民國110年2月辦理註銷全數C類特別股並換發普通股予ES PLATFORM LIMITED。致使本集團對SHARP CORPORATION之持股比率由42%降為36%，本集團依股權淨值之變動數調減「資本公積」及「採用權益法之投資」計$6,442,516。

鴻準精密工業股份有限公司

|             | 111年3月31日 | 110年12月31日 | 110年3月31日 |
|-------------|--------------|--------------|--------------|
| 流動資產     | $ 112,200,803 | $ 118,841,902 | $ 103,636,887 |
| 非流動資產   | 48,119,117   | 55,529,325   | 66,737,845   |
| 流動負債     | ( 54,474,677) | ( 61,926,993) | ( 48,683,309) |
| 非流動負債   | ( 1,568,022) | ( 1,480,365) | ( 826,834)    |
| 淨資產總額   | $ 104,277,221 | $ 110,963,869 | $ 120,864,589 |
| 占關聯企業淨資產之份額 | $ 30,774,768  | $ 32,706,669  | $ 35,624,912 |
| 商譽           | 338,190       | 338,190       | 338,190       |
| 其他           | ( 1,816)      | 49,938        | 606,411       |
| 關聯企業帳面價值 | $ 31,111,142  | $ 33,094,797  | $ 36,569,513  |
```