```markdown
| 1 年 以 內 | 1 至 5 年 | 5 年 以 上 | 合 計 |
| --- | --- | --- | --- |
| 111 年 9 月 30 日 |
| 非衍生金融負債 |
| 無附息負債 | $43,664,650 | $618,541 | $ | $44,283,191 |
| 租賃負債 | 1,448,964 | 3,177,071 | 8,984,715 | 13,610,750 |
| 浮動利率負債 | 76,807,409 | 62,607,482 | 8,811,271 | 148,226,162 |
| 固定利率負債 | 55,711,904 | 39,428,549 | 14,231,661 | 109,372,114 |
| 退款負債 | 3,575,326 | - | - | 3,575,326 |
| 財務保證負債 | - | 449,784 | 505,340 | 955,124 |
| $181,208,253 | $106,281,427 | $32,532,987 | $320,022,667 |

| 110 年 12 月 31 日 |
| 非衍生金融負債 |
| 無附息負債 | $57,102,113 | $302,678 | $ | $57,404,791 |
| 租賃負債 | 1,124,687 | 3,178,198 | 9,383,399 | 13,686,284 |
| 浮動利率負債 | 39,172,012 | 40,044,598 | 1,277,863 | 80,494,473 |
| 固定利率負債 | 34,808,970 | 43,778,903 | 21,010,936 | 99,598,809 |
| 退款負債 | 3,698,912 | - | - | 3,698,912 |
| 財務保證負債 | 3,671,525 | 8,679,198 | 475,001 | 12,825,724 |
| $139,578,219 | $95,983,575 | $32,147,199 | $267,708,993 |

| 110 年 9 月 30 日 |
| 非衍生金融負債 |
| 無附息負債 | $53,032,550 | $417,739 | $ | $53,450,289 |
| 租賃負債 | 1,041,040 | 3,121,338 | 9,547,183 | 13,709,561 |
| 浮動利率負債 | 38,069,771 | 44,126,887 | 803,717 | 83,000,375 |
| 固定利率負債 | 43,258,395 | 42,579,969 | 24,037,580 | 109,875,944 |
| 退款負債 | 3,522,735 | - | - | 3,522,735 |
| 財務保證負債 | 94,547 | 15,573,532 | 476,720 | 16,144,799 |
| $139,019,038 | $105,819,465 | $34,865,200 | $279,703,703 |

上述財務保證合約之金額，係財務保證合約持有人若向
保證人求償全數保證金額時，本公司及子公司為履行保證義
務可能須支付之最大金額。惟依資產負債表日之評估，本公司
及子公司認為支付該等合約款項之可能性不大。

三十、關係人交易

本公司及子公司（係本公司之關係人）間之交易、帳戶餘額、收
益及費損於合併時全數予以銷除，是以未揭露於本附註。除已於其他
附註揭露外，本公司及子公司與其他關係人間之交易如下：
```