```markdown
# 鴻海精密工業股份有限公司及子公司

## 合併綜合損益表

### 民國111年及110年1月1日至9月30日

(僅經核閱，未依一般公認會計準則查核)

### 單位：新台幣仟元

(除每股盈餘為新台幣元外)

| 項目 | 附註 | 111年7月1日至9月30日 | 110年7月1日至9月30日 | 111年1月1日至9月30日 | 110年1月1日至9月30日 |
|------|------|----------------------|----------------------|----------------------|----------------------|
| 4000 | 營業收入 | $1,746,604,787 | $1,405,768,278 | $4,663,968,546 | $4,104,347,741 |
| 5000 | 營業成本 | (1,638,977,070) | (1,317,182,076) | (4,374,947,427) | (3,856,087,059) |
| 5900 | 營業毛利 | 107,627,717 | 88,586,202 | 289,021,119 | 248,260,682 |
| 6000 | 營業費用合計 | (59,078,273) | (52,392,866) | (159,465,843) | (152,020,793) |
| 6900 | 營業利益 | 48,549,444 | 36,193,336 | 129,555,276 | 96,239,889 |
| 7000 | 營業外收入及支出 | | | | |
| 7100 | 利息收入 | 11,601,392 | 7,954,197 | 28,876,672 | 25,208,508 |
| 7010 | 其他收入 | 2,985,046 | 2,377,213 | 6,872,990 | 12,322,121 |
| 7020 | 其他利益及損失 | (3,617,014) | - | (15,808,237) | - |
| 7050 | 財務成本 | (10,093,009) | (5,062,324) | (22,021,953) | (17,422,542) |
| 7060 | 採用權益法認列之關聯企業及合資損益之份額 | 1,770,453 | - | 4,071,579 | - |
| 7000 | 營業外收入及支出合計 | 2,646,868 | - | 11,752,797 | 35,123,862 |
| 7900 | 稅前淨利 | 51,196,312 | 47,946,133 | 135,060,880 | 131,363,751 |
| 7950 | 所得稅費用 | (9,503,472) | (8,540,688) | (29,094,898) | (28,759,369) |
| 8200 | 本期淨利 | $41,692,840 | $39,405,445 | $105,965,982 | $102,604,382 |

(續次頁)
```