```markdown
| 代碼 | 項目 | 附註 | 一一年第三季度 | 一一年第三季度 | 一一年前三季度 | 一一年前三季度 |
|------|------|------|----------------|----------------|----------------|----------------|
| 4000 | 營業收入 | 6.21及七 | $142,161,276 | $131,074,320 | $440,601,946 | $364,760,705 |
| 5000 | 營業成本 | 6.7、6.24及七 | (72,065,867) | (69,858,213) | (221,958,877) | (196,985,777) |
| 5900 | 營業毛利 | | 70,095,409 | 49 | 218,643,069 | 50 |
| 6000 | 營業費用 | 6.22、6.23、6.24及七 | | | | |
| 6100 | 推銷費用 | (3,526,557) | (3) | (5,082,876) | (4) | (10,571,866) | (3) | (12,374,241) | (4) |
| 6200 | 管理費用 | (3,405,911) | (2) | (2,489,294) | (2) | (10,539,212) | (2) | (7,432,129) | (2) |
| 6300 | 研究發展費用 | (30,105,923) | (21) | (24,364,106) | (19) | (88,827,171) | (20) | (69,670,037) | (19) |
| 6450 | 預期信用減損(損失)利益 | (2,988) | - | 7,060 | - | (2,623) | - | 20,582 | - |
|       | 營業費用合計 | (37,041,379) | (26) | (31,929,216) | (25) | (109,940,872) | (25) | (89,455,825) | (25) |
| 6900 | 營業利益 | | 33,054,030 | 23 | 29,286,891 | 22 | 108,702,197 | 25 | 78,319,103 | 21 |
| 7000 | 營業外收入及支出 | | | | | | | | | |
| 7100 | 利息收入 | 6.25 | 908,318 | 1 | 375,115 | - | 1,882,409 | - | 1,258,538 | - |
| 7010 | 其他收入 | 6.26及七 | 962,996 | 1 | 1,768,480 | 2 | 2,166,617 | 1 | 3,271,784 | 1 |
| 7020 | 其他利益及損失 | 6.27 | 715,656 | - | 305,942 | - | 976,384 | - | 9,573,565 | 3 |
| 7050 | 財務成本 | 6.28 | (118,494) | - | (72,555) | - | (263,288) | - | (155,207) | - |
| 7060 | 採用權益法認列之關聯企業及合資損益之份額 | 6.9 | 73,982 | - | 526,103 | - | 1,039,588 | - | 584,949 | - |
|       | 營業外收入及支出合計 | 2,542,458 | 2 | 2,903,085 | 2 | 5,801,710 | 1 | 14,533,629 | 4 |
| 7900 | 稅前淨利 | | 35,596,488 | 25 | 32,189,976 | 24 | 114,503,907 | 26 | 92,852,732 | 25 |
| 7950 | 所得稅費用 | 4.511,127 | (3) | (3,828,825) | (3) | (14,393,288) | (3) | (11,127,699) | (3) |
| 8200 | 本期淨利 | | 31,085,361 | 22 | 28,361,151 | 21 | 100,110,619 | 23 | 81,725,033 | 22 |
| 8300 | 其他綜合損益 | 4、6.9、6.29及6.30 | | | | | | | | |
| 8310 | 不重分類至損益之項目 | | | | | | | | | |
| 8316 | 透過其他綜合損益按公允價值衡量之權益工具投資 | (5,105,235) | (4) | 1,735,764 | 2 | (9,523,538) | (2) | 6,073,069 | 2 |
| 8320 | 採用權益法認列之關聯企業及合資之其他綜合損益 | (6,989,418) | (5) | (19,817,593) | (15) | (26,628,085) | (6) | (1,518,181) | - |
| 8349 | 與不重分類項目相關之所得稅 | 295,107 | - | 132,656 | - | 1,079,299 | - | 158,042 | - |
| 8360 | 後續可能重分類至損益之項目 | | | | | | | | | | |
| 8361 | 國外營運機構財務報表換算之兌換差額 | 16,498,346 | 12 | (13,658) | - | 33,547,631 | 8 | (4,813,492) | (1) |
| 8367 | 透過其他綜合損益按公允價值衡量之債務工具投資 | (17,101) | - | (2,492) | - | (42,690) | - | (1,440) | - |
| 8370 | 採用權益法認列之關聯企業及合資之其他綜合損益 | (1,757,966) | (1) | 47,426 | - | (3,402,564) | (1) | 578,028 | - |
|       | 本期其他綜合損益(稅後淨額) | 2,923,733 | 2 | (17,917,897) | (13) |