```markdown
# 鴻海精密工業股份有限公司及子公司

## 合併資產負債表

### 民國112年9月30日及111年12月31日、9月30日

| 資產 | 附註 | 112年9月30日 | 111年12月31日 | 111年9月30日 |
|------|------|--------------|--------------|--------------|
| 流動資產 | | | | |
| 1100 | 現金及約當現金 | 六(一) | $1,208,030,158 | $1,062,326,324 | $1,200,621,633 |
| 1110 | 透過損益按公允價值衡量之金融資產－流動 | 六(二) | 6,484,552 | 4,664,142 | 12,884,260 |
| 1120 | 透過其他綜合損益按公允價值衡量之金融資產－流動 | 六(三) | - | - | 44,069 |
| 1136 | 按攤銷後成本衡量之金融資產－流動 | 六(四)及八 | 84,201,214 | 17,696,967 | 26,450,027 |
| 1139 | 避險之金融資產－流動 | 六(五) | 1,072 | - | 84,963 |
| 1170 | 應收帳款淨額 | 六(六) | 965,052,879 | 1,060,980,085 | 1,245,474,293 |
| 1180 | 應收帳款－關係人淨額 | 七 | 24,005,881 | 37,710,086 | 23,641,556 |
| 1200 | 其他應收款 | 六(七)(十二) | 67,231,817 | 56,002,627 | 51,398,623 |
| 1210 | 其他應收款－關係人 | 七 | 2,379,180 | 1,719,679 | 2,360,071 |
| 130X | 存貨 | 六(八) | 772,292,910 | 939,022,052 | 880,547,988 |
| 1410 | 預付款項 | - | 19,150,873 | 17,280,096 | 20,737,216 |
| 1470 | 其他流動資產 | 六(四) | 1,732,438 | - | 3,303,500 |
| 11XX | 流動資產合計 | | 3,150,562,974 | 3,200,505,521 | 3,467,683,073 |
| 非流動資產 | | | | | |
| 1510 | 透過損益按公允價值衡量之金融資產－非流動 | 六(二) | 92,769,899 | 88,397,440 | 89,233,917 |
| 1517 | 透過其他綜合損益按公允價值衡量之金融資產－非流動 | 六(三) | 78,618,594 | 84,586,400 | 90,064,295 |
| 1535 | 按攤銷後成本衡量之金融資產－非流動 | 六(四)及八 | 7,397,299 | - | 12,633,573 |
| 1550 | 採用權益法之投資 | 六(九) | 200,772,188 | 239,489,049 | 238,244,089 |
| 1600 | 不動產、廠房及設備 | 六(十)、七及八 | 383,186,122 | 362,404,684 | 347,308,594 |
| 1755 | 使用權資產 | 六(十一)、七及八 | 41,378,945 | 40,405,796 | 40,328,392 |
| 1760 | 投資性不動產淨額 | 六(十三) | 10,044,300 | - | 10,438,085 |
| 1780 | 無形資產 | 六(十四) | 50,526,828 | 46,660,039 | 46,929,131 |
| 1840 | 遞延所得稅資產 | - | 19,782,674 | 20,761,532 | 19,695,143 |
| 1900 | 其他非流動資產 | 六(十二)(十五) | 28,349,372 | 27,411,741 | 26,090,252 |
| 15XX | 非流動資產合計 | | 912,826,221 | 933,468,759 | 921,226,061 |
| 1XXX | 資產總計 | | $4,063,389,195 | $4,133,974,280 | $4,388,909,134 |
| | | | 100% | 100% | 100% |

(續次頁)
```
```markdown
# 鴻海精密工業股份有限公司及子公司

## 合併財務報表

### 民國112年9月30日及111年12月31日、9月30日

| 負債及權益 | 附註 | 112年9月30日 | 111年12月31日 | 111年9月30日 |
| --- | --- | --- | --- | --- |
| 流動負債 |  |  |  |  |
| 2100 短期借款 | 六(十七) | $541,868,633 | 13 | $582,610,083 | 14 | $728,317,675 | 17 |
| 2110 應付短期票券 | 六(十六) | 59,203,030 | 2 | 31,491,497 | 1 | 25,815,252 | 1 |
| 2120 透過損益按公允價值衡量之金融負債－流動 | 六(二) | 971,788 | - | 3,595,029 | - | 1,966,877 | - |
| 2126 避險之金融負債－流動 | 六(五) | - | - | - | - | 117,321 | - |
| 2170 應付帳款 | 937,709,147 | 23 | 1,050,264,198 | 25 | 1,193,794,959 | 27 |
| 2180 應付帳款－關係人 | 七 | 18,375,770 | - | 18,676,748 | - | 15,099,348 | - |
| 2200 其他應付款 | 六(十八)及七 | 227,263,183 | 6 | 246,735,591 | 6 | 233,192,181 | 5 |
| 2230 本期所得稅負債 | 20,687,016 | 1 | 24,602,394 | 1 | 22,843,190 | 1 |
| 2250 負債準備－流動 | 六(二十五) | 2,295,991 | - | 3,891,380 | - | 3,866,500 | - |
| 2280 租賃負債－流動 | 七 | 7,812,734 | - | 8,333,100 | - | 6,854,394 | - |
| 2320 一年或一營業週期內到期長期負債 | 六(二十)(二十一) | 100,098,379 | 2 | 33,092,726 | 1 | 33,013,845 | 1 |
| 2399 其他流動負債－其他 | 六(十九) | 96,699,890 | 2 | 110,520,773 | 3 | 103,964,946 | 2 |
| 21XX 流動負債合計 |  | 2,012,985,561 | 49 | 2,113,813,519 | 51 | 2,368,846,488 | 54 |
| 非流動負債 |  |  |  |  |  |  |  |
| 2530 應付公司債 | 六(二十) | 238,716,700 | 6 | 245,282,706 | 6 | 239,773,303 | 5 |
| 2540 長期借款 | 六(二十一) | 48,444,662 | 2 | 55,734,601 | 1 | 70,732,959 | 2 |
| 2550 負債準備－非流動 | 六(二十五) | 3,446,069 | - | 459,026 | - | 459,851 | - |
| 2570 遞延所得稅負債 | 43,216,065 | 1 | 39,123,808 | 1 | 30,624,905 | 1 |
| 2580 租賃負債－非流動 | 七 | 16,222,190 | - | 17,461,579 | 1 | 18,312,728 | - |
| 2600 其他非流動負債 | 六(二十四) | 13,220,035 | - | 11,568,002 | - | 11,283,576 | - |
| 25XX 非流動負債合計 |  | 363,265,721 | 9 | 369,629,722 | 9 | 371,187,322 | 8 |
| 2XXX 負債總計 |  | 2,376,251,282 | 58 | 2,483,443,241 | 60 | 2,740,033,810 | 62 |
| 權益 |  |  |  |  |  |  |  |
| 歸屬於母公司業主之權益 |  |  |  |  |  |  |  |
| 股本 | 六(二十六) |  |  |  |  |  |  |
| 3110 普通股股本 | 138,629,906 | 4 | 138,629,906 | 4 | 138,629,906 | 3 |
| 資本公積 | 六(二十七) |  |  |  |  |  |  |
| 3200 資本公積 | 194,299,877 | 5 | 193,794,160 | 5 | 195,803,261 | 4 |
| 保留盈餘 | 六(二十八) |  |  |  |  |  |  |
| 3310 法定盈餘公積 | 199,205,382 | 5 | 184,894,008 | 4 | 184,894,008 | 4 |
| 3320 特別盈餘公積 | 82,154,208 | 2 | 89,505,893 | 2 | 89,505,893 | 2 |
| 3350 未分配盈餘 | 934,184,544 | 23 | 925,890,351 | 22 | 884,773,164 | 20 |
| 其他權益 | 六(二十九) |  |  |  |  |  |  |
| 3400 其他權益 | (63,459,044) | (2) | (82,154,208) | (2) | (44,593,556) | - |
| 3500 庫藏股票 | 六(二十六) | (15,194) | - | (15,194) | - | (15