```markdown
# 智慧投資股份有限公司

## 民國 111 年 9 月 30 日及 9 月 30 日

### 單位：新臺幣仟元

| 代 碼 | 資 產 | 金額 | % | 金額 | % | 金額 | % | 代 碼 | 負 債 | 及 權 益 | 金額 | % | 金額 | % | 金額 | % |
|-------|-------|------|---|------|---|------|---|-------|-------|-------|------|---|------|---|------|---|
| 1100  | 現金及約當現金（附註六及三一） | $ 13,577,711 | 32 | $ 6,257,744 | 18 | $ 5,374,738 | 17 | 2100  | 短期借款（附註十九及三一） | $ 350,000 | 1 | $ - | - | $ 200,000 | 1 |
| 1110  | 透過損益按公允價值衡量之金融資產－流動（附註七及三一） | 264,157 | 1 | 140,012 | - | 65,017 | - | 2130  | 合約負債－流動（附註二十四） | 858,120 | 2 | 841,636 | 3 | 1,414,403 | 4 |
| 1120  | 透過其他綜合損益按公允價值衡量之金融資產－流動（附註八及三一） | 174,562 | 1 | 250,405 | 1 | 192,609 | 1 | 2170  | 應付票據及帳款（附註三一） | 11,514,738 | 27 | 11,567,228 | 33 | 9,687,748 | 30 |
| 1136  | 按攤銷後成本衡量之金融資產－流動（附註九及三一） | 123,400 | - | 943,630 | 3 | 1,532,371 | 5 | 2206  | 應付員工酬勞及董事酬勞（附註二五） | 1,626,301 | 4 | 1,053,040 | 3 | 1,179,669 | 4 |
| 1170  | 應收票據及帳款淨額（附註十及三一） | 11,389,922 | 27 | 10,316,266 | 29 | 8,874,378 | 27 | 2230  | 本期所得稅負債（附註四及二六） | 1,658,911 | 4 | 1,168,369 | 3 | 908,630 | 3 |
| 1180  | 應收帳款－關係人淨額（附註三一及三二） | 206 | - | 39 | - | - | - | 2250  | 負債準備－流動（附註二一） | 185,703 | - | 102,430 | - | 63,621 | - |
| 1200  | 其他應收款（附註十及三一） | 554,140 | 1 | 405,886 | 1 | 449,893 | 1 | 2280  | 租賃負債－流動（附註十五及三一） | 220,323 | 1 | 213,367 | 1 | 212,390 | 1 |
| 1210  | 其他應收款－關係人（附註三一及三二） | 9,100 | - | 9,078 | - | 9,485 | - | 2310  | 遞延收入－流動（附註十九及二九） | 9,171 | - | 11,075 | - | 11,075 | - |
| 130X  | 存貨（附註十一） | 12,426,630 | 29 | 13,245,641 | 38 | 12,386,534 | 38 | 2320  | 一年內到期之長期借款（附註十九、二九及三一） | 300,558 | 1 | 175,325 | 1 | 100,186 | - |
| 1410  | 預付款項（附註十八及三二） | 205,802 | 1 | 195,793 | 1 | 279,053 | 1 | 2365  | 退款負債－流動（附註二四） | 121,665 | - | 105,639 | - | 97,539 | - |
| 11XX  | 流動資產總計 | 38,731,115 | 92 | 31,782,233 | 91 | 29,207,028 | 90 | 21XX  | 流動負債總計 | 19,397,875 | 46 | 17,643,456 | 51 | 16,354,975 | 51 |
|       |       |       |       |       |       |       |       |       |       |       |       |       |       |       |       |
| 1510  | 透過損益按公允價值衡量之金融資產－非流動（附註七及三一） | 162,592 | 1 | 195,145 | 1 | 213,429 | 1 | 2540  | 長期借款（附註十九、二九及三一） | 3,300,985 | 8 | 1,003,418 | 3 | 1,074,859 | 3 |
| 1550  | 採用權益法之投資（附註十三） | 10,632 | - | 11,526 | - | 11,898 | - | 2570  | 遞延所得稅負債（附註四及二六） | 268,380 | 1 | - | - | - |
| 1600  | 不動產、廠房及設備（附註十四） | 1,408,729 | 3 | 1,487,456 | 4 | 1,462,377 | 5 | 2580  | 租賃負債－非流動（附註十五及三一） | 1,092,078 | 2 | 753,927 | 2 | 801,267 | 3 |
| 1755  | 使用權資產（附註十五） | 1,545,239 | 4 | 1,069,801 | 3 | 1,117,739 | 4 | 2590  | 遞延收入－非流動（附註十九及二九） | 19,502 | - | 37,019 | - | 39,788 | - |
| 1805  | 商譽（附註十六） | 1,930 | - | 1,930