```markdown
# 鴻海精密工業股份有限公司及子公司

## 合併資產負債表

### 民國112年3月31日及111年12月31日、3月31日

(民國112年及111年3月31日之合併資產負債表經總經理核閱，未依審計準則查覈)

### 單位：新臺幣仟元

| 資 產 | 附註 | 112年3月31日 | 111年12月31日 | 111年3月31日 |
|-------|------|--------------|--------------|--------------|
| 流動資產 |       |              |              |              |
| 1100  | 現金及約當現金 | 六(一) | $1,119,530,444 | 30 | $1,062,326,324 | 26 | $1,184,629,960 | 30 |
| 1110  | 透過損益按公允價值衡量之金融資產－流動 | 六(二) | 4,127,950 | - | 4,664,142 | - | 6,156,336 | - |
| 1120  | 透過其他綜合損益按公允價值衡量之金融資產－流動 | 六(三) | 44,305 | - | 44,069 | - | 135,191 | - |
| 1136  | 按攤銷後成本衡量之金融資產－流動 | 六(四)及八 | 30,931,329 | 1 | 17,696,967 | - | 62,174,507 | 2 |
| 1139  | 避險之金融資產－流動 | 六(五) | 377,018 | - | - | - | 716,456 | - |
| 1170  | 應收帳款淨額 | 六(六) | 675,693,085 | 18 | 1,060,980,085 | 26 | 856,704,700 | 22 |
| 1180  | 應收帳款－關係人淨額 | 七 | 27,985,368 | 1 | 37,710,086 | 1 | 23,719,390 | 1 |
| 1200  | 其他應收款 | 六(七)(十二) | 60,684,807 | 2 | 56,002,627 | 1 | 60,690,767 | 2 |
| 1210  | 其他應收款－關係人 | 七 | 3,759,305 | - | 1,719,679 | - | 5,071,157 | - |
| 130X  | 存貨 | 六(八) | 813,156,931 | 22 | 939,022,052 | 23 | 754,529,704 | 19 |
| 1410  | 預付款項 |  | 21,251,569 | 1 | 17,280,096 | - | 20,894,884 | 1 |
| 1470  | 其他流動資產 | 六(四) | 1,937,707 | - | 3,059,394 | - | 8,752,619 | - |
| 11XX  | 流動資產合計 |       | 2,759,479,818 | 75 | 3,200,505,521 | 77 | 2,984,175,671 | 77 |
| 非流動資產 |       |              |              |              |              |
| 1510  | 透過損益按公允價值衡量之金融資產－非流動 | 六(二) | 89,039,811 | 2 | 88,397,440 | 2 | 83,731,481 | 2 |
| 1517  | 透過其他綜合損益按公允價值衡量之金融資產－非流動 | 六(三) | 85,788,109 | 2 | 84,586,400 | 2 | 109,664,125 | 3 |
| 1535  | 按攤銷後成本衡量之金融資產－非流動 | 六(四)及八 | 6,868,638 | - | 12,913,993 | - | 19,432,030 | - |
| 1550  | 採用權益法之投資 | 六(九) | 206,037,546 | 6 | 239,489,049 | 6 | 197,609,614 | 5 |
| 1600  | 不動產、廠房及設備 | 六(十)、七及八 | 366,591,156 | 11 | 362,404,684 | 9 | 318,854,106 | 8 |
| 1755  | 使用權資產 | 六(十一)、七及八 | 41,859,238 | 1 | 40,405,796 | 1 | 40,965,857 | 1 |
| 1760  | 投資性不動產淨額 | 六(十三) | 10,274,249 | - | 10,438,085 | - | 10,758,498 | - |
| 1780  | 無形資產 | 六(十四) | 45,442,536 | 1 | 46,660,039 | 1 | 47,453,586 | 1 |
| 1840  | 遞延所得稅資產 |  | 21,672,416 | 1 | 20,761,532 | 1 | 20,424,679 | 1 |
| 1900  | 其他非流動資產 | 六(十二)(十五) | 26,265,732 | 1 | 27,411,741 | 1 | 60,386,516 | 2 |
| 15XX  | 非流動資產合計 |       | 899,839,431 | 25 | 933,468,759 | 23 | 909,280,492 | 23 |
| 1XXX  | 資產總計 |       | $3,659,319,249 | 100 | $4,133,974,280 | 100 | $3,893,456,163 | 100 |

(續次頁)
```
```markdown
# 鴻海精密工業股份有限公司及子公司

## 合併財務報表

### 民國112年3月31日、111年12月31日、3月31日

(民國112年及111年3月31日之合併財產負債表及損益表，未依審計準則查覈)

#### 單位：新臺幣仟元

|  | 112年3月31日 | 111年12月31日 | 111年3月31日 |
| --- | --- | --- | --- |
|  | 金額 | % | 金額 | % | 金額 | % |
| **流動負債** |  |  |  |  |  |  |
| 2100 | 短期借款 | 六(十七) | $490,618,650 | 13 | $582,610,083 | 14 | $665,565,587 | 17 |
| 2110 | 應付短期票券 | 六(十六) | 60,721,118 | 2 | 31,491,497 | 1 | 7,130,489 | - |
| 2120 | 透過損益按公允價值衡量之金融負債－流動 | 六(二) | 478,518 | - | 3,595,029 | - | 1,342,589 | - |
| 2126 | 避險之金融負債－流動 | 六(五) | 99,845 | - | - | - | - | - |
| 2170 | 應付帳款 |  | 676,585,214 | 19 | 1,050,264,198 | 25 | 872,446,561 | 22 |
| 2180 | 應付帳款－關係人 | 七 | 16,402,653 | - | 18,676,748 | - | 15,997,012 | - |
| 2200 | 其他應付款 | 六(十八)及七 | 271,261,195 | 7 | 246,735,591 | 6 | 258,616,049 | 7 |
| 2230 | 本期所得稅負債 |  | 25,276,114 | 1 | 24,602,394 | 1 | 26,191,031 | 1 |
| 2250 | 負債準備－流動 | 六(二十五) | 4,107,701 | - | 3,891,380 | - | 3,233,896 | - |
| 2280 | 租賃負債－流動 | 七 | 7,489,063 | - | 8,333,100 | - | 7,359,055 | - |
| 2320 | 一年或一營業週期內到期長期負債 | 六(二十)(二十一) | 73,262,232 | 2 | 33,092,726 | 1 | 37,233,853 | 1 |
| 2399 | 其他流動負債－其他 | 六(十九) | 104,063,699 | 3 | 110,520,773 | 3 | 72,271,312 | 2 |
| 21XX | 流動負債合計 |  | 1,730,366,002 | 47 | 2,113,813,519 | 51 | 1,967,387,434 | 50 |
| **非流動負債** |  |  |  |  |  |  |  |  |
| 2530 | 應付公司債 | 六(二十) | 220,698,554 | 6 | 245,282,706 | 6 | 227,533,331 | 6 |
| 2540 | 長期借款 | 六(二十一) | 33,786,345 | 1 | 55,734,601 | 1 | 50,722,463 | 1 |
| 2550 | 負債準備－非流動 | 六(二十五) | 459,230 | - | 459,026 | - | 434,333 | - |
| 2570 | 遞延所得稅負債 |  | 41,160,424 | 1 | 39,123,808 | 1 | 31,950,704 | 1 |
| 2580 | 租賃負債－非流動 | 七 | 18,512,714 | 1 | 17,461,579 | 1 | 18,261,281 | 1 |
| 2600 | 其他非流動負債 | 六(二十四) | 11,577,625 | - | 11,568,002 | - | 12,078,531 | - |
| 25XX | 非流動負債合計 |  | 326,194,892 | 9 | 369,629,722 | 9 | 340,980,643 | 9 |
| 2XXX | 負債總計 |  | 2,056,560,894 | 56 | 2,483,443,241 | 60 | 2,308,368,077 | 59 |
| **權益** |  |  |  |  |  |  |  |  |
| **歸屬於母公司業主之權益** |  |  |  |  |  |  |  |  |
| 股本 | 六(二十六) |  |  |  |  |  |  |  |
| 3110 | 普通股股本 |  | 138,629,906 | 4 | 138,629,906 | 4 | 138,629,906 | 4 |
| 資本公積 | 六(二十七) |  |  |  |  |  |  |  |
| 3200 | 資本公積 |  | 194,110,910 | 5 | 193,794,160 | 5 | 202,354,644 | 5 |
| 保留盈餘 | 六(二十八) |  |  |  |  |  |  |  |
| 3310 | 法定盈餘公積 |  | 184,894,008 | 5 | 184,894,008 | 4 | 170,755,591 | 5 |
| 3320 | 特別盈餘公積 |  | 89,505,893 | 2 | 89,505,893 | 2 | 87,315,126 | 2 |
| 3350 | 未分配盈餘 |  | 865,829,339 | 24 | 925,890,351 | 22 | 829,183,459 | 21 |
| **其他權益** | 六(二十九) |