```markdown
# 智合財務股份有限公司

**單位：新臺幣仟元**

| 代 碼 | 資 產 | 112年9月30日 | 111年12月31日 | 111年9月30日 | 代 碼 | 負 債 及 權 益 | 112年9月30日 | 111年12月31日 | 111年9月30日 |
|-------|-------|--------------|--------------|--------------|-------|----------------|--------------|--------------|--------------|
| 1100  | 現金及約當現金（附註六及三二） | $11,315,466 | 22 | $8,695,372 | 19 | $13,577,711 | 32 | $180,469 | - | - | $350,000 | 1 |
| 1110  | 透過損益按公允價值衡量之金融資產－流動（附註七及三二） | 1,294,243 | 3 | 218,035 | - | 264,157 | 1 | 1,648,010 | 3 | 876,472 | 2 | 858,120 | 2 |
| 1120  | 透過其他綜合損益按公允價值衡量之金融資產－流動（附註八及三二） | 258,388 | - | 183,224 | - | 174,562 | 1 | 15,154,529 | 30 | 12,477,718 | 27 | 11,514,738 | 27 |
| 1136  | 按聯繫後成本衡量之金融資產－流動（附註九及三二） | 4,835,168 | 10 | 5,918,726 | 13 | 123,400 | - | 2,170,748 | 4 | 2,071,691 | 5 | 1,658,911 | 4 |
| 1170  | 應收票據及應收款淨額（附註十及三二） | 12,365,748 | 24 | 13,138,205 | 29 | 11,389,922 | 27 | 279,957 | 1 | 264,711 | 1 | 185,703 | - |
| 1180  | 應收帳款－關係人淨額（附註三二及三三） | 37 | - | 1,143 | - | 206 | - | 195,661 | - | 227,890 | - | 220,323 | 1 |
| 1200  | 其他應收款（附註十及三二） | 622,386 | 1 | 581,505 | 1 | 554,140 | 1 | 8,485 | - | 8,838 | - | 9,171 | - |
| 1210  | 其他應收款－關係人（附註三二及三三） | 1,387 | - | 9,223 | - | 9,100 | - | 300,558 | 1 | 925,558 | 2 | 300,558 | 1 |
| 130X  | 存貨（附註十一） | 14,177,806 | 28 | 12,788,108 | 28 | 12,426,630 | 29 | 290,326 | 1 | 341,067 | 1 | 205,802 | 1 |
| 1410  | 預付款項（附註十八及三三） | 25,261,039 | 49 | 21,567,677 | 47 | 19,397,875 | 46 | 152,152 | - | 145,940 | - | 121,665 | - |
| 1470  | 其他流動資產－其他 | 29,561 | - | 8,153 | - | 5,485 | - | 2,440,397 | 5 | 4,064,971 | 9 | 4,709,911 | 11 |
| 11XX  | 流動資產總計 | 45,190,516 | 89 | 41,882,761 | 91 | 38,731,115 | 92 | 611,679 | 1 | 2,605,332 | 6 | 3,300,985 | 8 |
| 1510  | 非流動資產 | 1,608,822 | - | 108,999 | - | 162,592 | 1 | 679,072 | 2 | 268,380 | 1 | 268,380 | 1 |
| 1517  | 透過其他綜合損益按公允價值衡量之金融資產－非流動（附註八及三二） | 111,831 | - | 22,472 | - | - | - | 1,141,329 | 2 | 1,167,014 | 2 | 1,092,078 | 2 |
| 1550  | 按權益法投資（附註十三） | 9,097 | - | 10,387 | - | 10,632 | - | 7,793 | - | 15,703 | - | 19,502 | - |
| 1600  | 不動產、廠房及設備（附註十四及二五） | 2,742,762 | 6 | 1,804,418 | 4 | 1,408,729 | 3 | 5,708 | - | 7,726 | - | 28,150 | - |
| 1755  | 使用權資產（附註十五） | 1,536,262 | 3 | 1,641,644 | 4 | 1,545,239 | 4 | 816 | - | 816 | - | 816 | - |
| 1805  | 商譽（附註十六） | 1,930 | - | 1,930 | - | 1,930 | - | 27,701,436 | 54 | 25,632,648 | 56 | 24,107,786 | 57 |
| 1821  | 無形資產（附註十七） | 150,161 | - | 165,985 | 1 | 100,214 | - | 248,519 | 1 | 151,492 | - | 102,483 | - |
| 1840  | 遞延所得稅資產（附註四及二六） | 416,666 | 1 | 77,114 | - | 39,559 | - | 124,534 | - | 80,835