```markdown
# 嘉華電子股份有限公司綜合損益表

## 民國一一一年及一一一一○年七月一日至九月三十一日至九月三十日

(經核閱，未依一般公認會計準則編制)

(金額除每股盈餘外，均以新臺幣千元為單位)

| 代 碼 | 項 目 | 附 註 | 金 額 | % | 金 額 | % | 金 額 | % | 金 額 | % |
| --- | --- | --- | --- | --- | --- | --- | --- | --- | --- | --- |
| 4000 | 營業收入 | 六、21及七 | $ 75,391,589 | 100.00 | $ 55,906,677 | 100.00 | $210,869,549 | 100.00 | $153,911,430 | 100.00 |
| 5000 | 營業成本 | 六、6、六、10、六、15、六、20、六、21、六、22及七 | (39,727,658) | (52.70) | (35,362,666) | (63.25) | (114,229,111) | (54.17) | (104,965,145) | (68.20) |
| 5950 | 營業毛利 | 六、5、六、10、六、15、六、20、六、22及七 | 35,663,931 | 47.30 | 20,544,011 | 36.75 | 96,640,438 | 45.83 | 48,946,285 | 31.80 |
| 6100 | 推銷費用 | (1,060,571) | (1.41) | (1,211,861) | (2.17) | (3,230,229) | (1.53) | (3,431,977) | (2.23) |
| 6200 | 管理費用 | (2,427,887) | (3.22) | (2,118,592) | (3.79) | (7,234,202) | (3.43) | (5,825,523) | (3.78) |
| 6300 | 研究發展費用 | (3,304,471) | (4.38) | (3,303,295) | (5.91) | (9,546,769) | (4.53) | (9,520,603) | (6.19) |
| 6450 | 預期信用減損利益（損失） | (650) | (0.00) | (2,069) | (0.00) | (2,388) | (0.00) | 8,973 | 0.01 |
| 6000 | 營業費用合計 | (6,793,579) | (9.01) | (6,635,817) | (11.87) | (20,013,588) | (9.49) | (18,769,130) | (12.19) |
| 6500 | 其他收益及費損淨額 | 六、16及六、23 | 1,286,907 | 1.71 | 1,226,942 | 2.19 | 4,028,600 | 1.91 | 3,892,826 | 2.53 |
| 6900 | 營業利益 | 30,157,259 | 40.00 | 15,135,136 | 27.07 | 80,655,450 | 38.25 | 34,069,981 | 22.14 |
| 7100 | 營業外收入及支出 |  |  |  |  |  |  |  |  |  |
| 7110 | 利息收入 | 567,459 | 0.75 | 152,137 | 0.27 | 1,022,139 | 0.48 | 421,764 | 0.27 |
| 7010 | 其他收入 | 1,927,245 | 2.56 | 772,409 | 1.38 | 2,134,827 | 1.01 | 1,359,703 | 0.88 |
| 7020 | 其他利益及損失 | 六、24 | (1,476,153) | (1.96) | 442,673 | 0.79 | (830,069) | (0.39) | 3,056,166 | 1.99 |
| 7050 | 財務成本 | 六、24 | (450,828) | (0.60) | (570,159) | (1.01) | (1,433,798) | (0.68) | (1,455,397) | (0.94) |
| 7060 | 採用權益法認列之關聯企業及合資損益之份額 | 六、7 | 327,916 | 0.44 | 3,355,858 | 6.00 | (3,557,052) | (1.69) | 6,003,910 | 3.90 |
| 7230 | 外幣兌換利益 | 1,292,810 | 1.71 | 163,806 | 0.29 | 3,579,599 | 1.70 | 173,173 | 0.11 |
| 7000 | 營業外收入及支出合計 | 2,188,449 | 2.90 | 4,316,724 | 7.72 | 915,646 | 0.43 | 9,559,319 | 6.21 |
| 7900 | 稅前淨利 | 32,345,708 | 42.90 | 19,451,860 | 34.79 | 81,571,096 | 38.68 | 43,629,300 | 28.35 |
| 7950 | 所得稅費用 | 六、26 | (5,003,346) | (6.63) | (2,099,917) | (3.75) | (12,672,667) | (6.01) | (4,521,858) | (2.94) |
| 8200 | 本期淨利 | 27,342,362 | 36.27 | 17,351,943 | 31.04 | 68,898,429 | 32.67 | 39,107,442 | 25.41 |
|  |  |  |  |  |  |  |  |  |  |
| 