(承前頁), [302.0, 356.0, 541.0, 404.0]
110年1月1日 至3月31日, [1703.0, 483.0, 2216.0, 532.0]
(重編後並經核閱), [1759.0, 552.0, 2164.0, 597.0]
111年1月1日至3月31日, [1117.0, 553.0, 1630.0, 595.0]
%, [2118.0, 620.0, 2188.0, 665.0]
%, [1537.0, 621.0, 1603.0, 664.0]
代 碼, [268.0, 624.0, 431.0, 668.0]
会, [1103.0, 624.0, 1173.0, 665.0]
会, [1684.0, 624.0, 1758.0, 663.0]
有, [1977.0, 624.0, 2046.0, 663.0]
有, [1395.0, 626.0, 1469.0, 664.0]
淨利歸屬於：, [448.0, 688.0, 754.0, 730.0]
8610, [266.0, 753.0, 388.0, 798.0]
6,242,293, [1182.0, 754.0, 1428.0, 798.0]
 5,005,033, [1771.0, 754.0, 2008.0, 798.0]
本公司業主, [549.0, 755.0, 812.0, 798.0]
21, [1554.0, 755.0, 1620.0, 795.0]
导, [1713.0, 755.0, 1764.0, 795.0]
ag, [1132.0, 756.0, 1186.0, 797.0]
18, [2134.0, 757.0, 2205.0, 796.0]
20,087, [1851.0, 817.0, 2008.0, 864.0]
8୧12, [266.0, 821.0, 386.0, 864.0]
共同控制下前手權益, [548.0, 821.0, 1010.0, 863.0]
1,245, [1287.0, 821.0, 1428.0, 864.0]
, [1589.0, 832.0, 1618.0, 862.0]
|, [2174.0, 832.0, 2201.0, 862.0]
_2, [2162.0, 884.0, 2212.0, 935.0]
8620, [266.0, 885.0, 388.0, 929.0]
460,781, [1824.0, 885.0, 2002.0, 929.0]
26,448, [1266.0, 887.0, 1428.0, 930.0]
非控制權益, [549.0, 888.0, 810.0, 929.0]
二, [1587.0, 897.0, 1618.0, 934.0]
$ 5,485,901, [1712.0, 945.0, 2004.0, 996.0]
_21, [1541.0, 947.0, 1620.0, 993.0]
S, [1132.0, 948.0, 1178.0, 989.0]
 20, [2124.0, 949.0, 2203.0, 993.0]
8600, [266.0, 950.0, 386.0, 994.0]
6,269,986, [1200.0, 951.0, 1426.0, 994.0]
綜合損益總額歸屬於：, [447.0, 1078.0, 952.0, 1118.0]
8710, [266.0, 1140.0, 386.0, 1184.0]
$ 10,814,862, [1130.0, 1142.0, 1428.0, 1186.0]
36, [1550.0, 1142.0, 1626.0, 1183.0]
$ 4,464,143, [1711.0, 1142.0, 2006.0, 1185.0]
本公司業主, [548.0, 1143.0, 807.0, 1184.0]
16, [2134.0, 1143.0, 2205.0, 1185.0]
17,126, [1847.0, 1204.0, 2008.0, 1248.0]
8715, [266.0, 1205.0, 388.0, 1250.0]
共同控制下前手權益, [549.0, 1206.0, 1006.0, 1251.0]
1,245, [1285.0, 1207.0, 1428.0, 1252.0]
一, [2174.0, 1221.0, 2198.0, 1245.0]
8720, [266.0, 1269.0, 388.0, 1316.0]
369,075, [1822.0, 1271.0, 2006.0, 1316.0]
33 350, [1266.0, 1272.0, 1426.0, 1317.0]
工, [2158.0, 1272.0, 2205.0, 1322.0]
非控制權益, [549.0, 1274.0, 808.0, 1315.0]
二, [1583.0, 1281.0, 1618.0, 1328.0]
_1Z, [2113.0, 1330.0, 2205.0, 1381.0]
$ 4,850,344, [1712.0, 1331.0, 2007.0, 1381.0]
$ 10,849,457, [1131.0, 1333.0, 1425.0, 1383.0]
36, [1547.0, 1333.0, 1626.0, 1379.0]
8700, [266.0, 1336.0, 386.0, 1380.0]
每股盈餘(附註二六), [448.0, 1461.0, 934.0, 1505.0]
9750, [266.0, 1524.0, 388.0, 1569.0]
6, [1711.0, 1525.0, 1764.0, 1569.0]
10.13, [1872.0, 1525.0, 2006.0, 1570.0]
11.59, [1287.0, 1527.0, 1426.0, 1573.0]
基, [549.0, 1528.0, 611.0, 1572.0]
品, [1132.0, 1528.0, 1178.0, 1572.0]
本, [698.0, 1529.0, 766.0, 1571.0]
S, [1713.0, 1584.0, 1756.0, 1629.0]
S, [1134.0, 1589.0, 1173.0, 1629.0]
9850, [266.0, 1590.0, 386.0, 1633.0]
牌, [698.0, 1590.0, 764.0, 1635.0]
9.90, [1895.0, 1592.0, 2006.0, 1635.0]
11.29, [1291.0, 1593.0, 1426.0, 1638.0]
需, [549.0, 1595.0, 611.0, 1634.0]
後附之附註係本合併財務報告之一部分。, [714.0, 2307.0, 1762.0, 2344.0]
請參閱勤業眾信聯合會計師事務所民國 111年 4 月 26 日核閱報告, [409.0, 2397.0, 2089.0, 2449.0]
會計主管:楊文翔, [1576.0, 3149.0, 2043.0, 3193.0]
董事長：陳泰銘, [270.0, 3152.0, 682.0, 3196.0]
經理人:王淡如, [921.0, 3156.0, 1324.0, 3193.0]
- 8 -, [1192.0, 3325.0, 1320.0, 3370.0]
(承前頁), [300.0, 297.0, 550.0, 347.0]
110年1月1日至3月31日, [1705.0, 429.0, 2220.0, 472.0]
111年1月1日至3月31日, [1120.0, 495.0, 1636.0, 537.0]
(重編後並經核閱), [1756.0, 498.0, 2172.0, 537.0]
%, [2124.0, 562.0, 2194.0, 606.0]
%, [1541.0, 563.0, 1614.0, 606.0]
額_, [1404.0, 564.0, 1506.0, 608.0]
会, [1107.0, 566.0, 1173.0, 608.0]
金, [1688.0, 566.0, 1762.0, 605.0]
代 碼, [274.0, 567.0, 431.0, 609.0]
額, [1979.0, 567.0, 2064.0, 604.0]
$ 8,055,532, [1132.0, 628.0, 1432.0, 673.0]
$ 7,053,143, [1713.0, 630.0, 2012.0, 673.0]
7900, [272.0, 631.0, 392.0, 673.0]
27, [1552.0, 631.0, 1628.0, 672.0]
 25, [2134.0, 633.0, 2205.0, 672.0]
稅前淨利, [448.0, 635.0, 669.0, 674.0]
 1,567,242, [1775.0, 759.0, 2017.0, 804.0]
所得稅費用(附註四及二五), [447.0, 760.0, 1084.0, 800.0]
1,785,546, [1204.0, 760.0, 1432.0, 803.0]
7950, [274.0, 761.0, 392.0, 800.0]
6, [1576.0, 762.0, 1630.0, 802.0]
 6, [2157.0, 762.0, 2207.0, 805.0]
8200, [272.0, 883.0, 390.0, 929.0]
5,485,901, [1785.0, 886.0, 2008.0, 929.0]
6,269,986, [1206.0, 887.0, 1432.0, 929.0]
21, [1550.0, 888.0, 1628.0, 932.0]
本期淨利, [450.0, 889.0, 667.0, 930.0]
 19, [2130.0, 889.0, 2205.0, 930.0]
其他綜合損益, [450.0, 1016.0, 764.0, 1057.0]
8310, [270.0, 1078.0, 394.0, 1120.0]
不重分類至損益之項, [551.0, 1083.0, 1016.0, 1122.0]
目：, [611.0, 1146.0, 706.0, 1185.0]
透過其他綜合損益, [651.0, 1210.0, 1062.0, 1251.0]
8316, [274.0, 1212.0, 392.0, 1249.0]
按公允價值衡量, [702.0, 1275.0, 1062.0, 1316.0]
之權益工具投資, [704.0, 1340.0, 1062.0, 1382.0]
未實現評價損益, [704.0, 1404.0, 1062.0, 1445.0]
(附註二三), [719.0, 1468.0, 998.0, 1510.0]
8,713 ), [1294.0, 1468.0, 1447.0, 1512.0]
6,848, [1878.0, 1471.0, 2012.0, 1509.0]
8320, [274.0, 1532.0, 392.0, 1573.0]
採用權益法之關聯, [648.0, 1534.0, 1064.0, 1576.0]
企業及合資其他, [704.0, 1598.0, 1066.0, 1641.0]
綜合損益份額, [699.0, 1662.0, 1022.0, 1706.0]
7,584), [1289.0, 1664.0, 1442.0, 1705.0]
一, [1593.0, 1680.0, 1618.0, 1705.0]
16,297), [1275.0, 1727.0, 1442.0, 1768.0]
6,848, [1876.0, 1728.0, 2009.0, 1764.0]
||, [2173.0, 1737.0, 2204.0, 1773.0]
8360, [274.0, 1790.0, 392.0, 1829.0]
後續可能重分類至損益, [548.0, 1792.0, 1063.0, 1830.0]
之項目：, [606.0, 1859.0, 815.0, 1894.0]
國外營運機構財務, [651.0, 1918.0, 1065.0, 1963.0]
8361, [272.0, 1919.0, 390.0, 1960.0]
報表換算之兌換, [698.0, 1983.0, 1066.0, 2029.0]
差額(附註二三), [702.0, 2050.0, 1076.0, 2092.0]
5,334,215, [1204.0, 2050.0, 1432.0, 2091.0]
702,841） (, [1826.0, 2050.0, 2112.0, 2092.0]
18, [1554.0, 2051.0, 1626.0, 2090.0]
2), [2159.0, 2053.0, 2215.0, 2095.0]
8368, [272.0, 2113.0, 390.0, 2156.0]
306,511, [1244.0, 2115.0, 1432.0, 2156.0]
避險工具之損益, [651.0, 2116.0, 1014.0, 2157.0]
T, [1581.0, 2117.0, 1624.0, 2155.0]
55,543 ), [1851.0, 2118.0, 2031.0, 2155.0]
|, [2176.0, 2128.0, 2201.0, 2152.0]
採用權益法之關聯, [648.0, 2179.0, 1064.0, 2220.0]
8370, [274.0, 2181.0, 392.0, 2220.0]
企業及合資之其, [702.0, 2244.0, 1064.0, 2287.0]
他綜合損益份額, [704.0, 2312.0, 1064.0, 2351.0]
14,807), [1849.0, 2372.0, 2027.0, 2416.0]
(附註二三), [723.0, 2374.0, 998.0, 2415.0]
34,754, [1268.0, 2376.0, 1426.0, 2415.0]
8399, [272.0, 2436.0, 388.0, 2478.0]
與可能重分類之項, [653.0, 2438.0, 1064.0, 2480.0]
目相關之所得稅, [706.0, 2505.0, 1066.0, 2546.0]
(附註四及二, [719.0, 2567.0, 1014.0, 2610.0]
1,079,712), [1199.0, 2631.0, 1447.0, 2680.0]
130,786, [1824.0, 2632.0, 2008.0, 2676.0]
五), [704.0, 2635.0, 793.0, 2676.0]
4), [1572.0, 2638.0, 1636.0, 2681.0]
15, [1550.0, 2695.0, 1630.0, 2740.0]
2), [2155.0, 2696.0, 2217.0, 2742.0]
4,595,768, [1206.0, 2697.0, 1430.0, 2740.0]
642,405), [1829.0, 2699.0, 2023.0, 2738.0]
8300, [272.0, 2759.0, 390.0, 2802.0]
本期其他綜合損益, [653.0, 2762.0, 1062.0, 2804.0]
(稅後淨額), [725.0, 2826.0, 987.0, 2868.0]
(__, [2070.0, 2826.0, 2217.0, 2872.0]
15, [1552.0, 2827.0, 1628.0, 2871.0]
4,579,471, [1202.0, 2828.0, 1426.0, 2870.0]
635,557), [1822.0, 2828.0, 2031.0, 2870.0]
$ 4,850,344, [1710.0, 2951.0, 2008.0, 2998.0]
_36, [1531.0, 2952.0, 1634.0, 2999.0]
_17, [2114.0, 2952.0, 2205.0, 2999.0]
$ 10,849,457, [1131.0, 2953.0, 1427.0, 2995.0]
8500, [274.0, 2954.0, 392.0, 2993.0]
本期綜合損益總額, [452.0, 2955.0, 865.0, 2996.0]
(接次頁), [299.0, 3082.0, 541.0, 3125.0]
- 7 -, [1200.0, 3271.0, 1324.0, 3310.0]
國巨股份有限公司及其子公司, [873.0, 374.0, 1634.0, 405.0]
表, [1403.0, 467.0, 1457.0, 499.0]
合, [1051.0, 471.0, 1099.0, 503.0]
民國 111年及 110年 1月1日至 3月 31日, [712.0, 559.0, 1793.0, 600.0]
(僅經核閱,未依一般公認審計準則查核), [714.0, 663.0, 1789.0, 702.0]
單位：新台幣仟元,惟, [1645.0, 755.0, 2238.0, 801.0]
每股盈餘為元, [1820.0, 825.0, 2184.0, 864.0]
110年1月1日至3月31日, [1705.0, 948.0, 2216.0, 993.0]
(重編後並經核閱), [1769.0, 1017.0, 2170.0, 1058.0]
111年1月1日至3月31日, [1120.0, 1018.0, 1634.0, 1057.0]
%, [2124.0, 1084.0, 2186.0, 1125.0]
%, [1541.0, 1085.0, 1601.0, 1124.0]
有, [1984.0, 1088.0, 2043.0, 1122.0]
有, [1401.0, 1089.0, 1461.0, 1124.0]
代, [276.0, 1090.0, 343.0, 1129.0]
金, [1690.0, 1090.0, 1744.0, 1121.0]
 碼, [355.0, 1092.0, 427.0, 1125.0]
会, [1109.0, 1094.0, 1159.0, 1121.0]
營業收入 (附註三二), [454.0, 1154.0, 936.0, 1195.0]
100, [1529.0, 1216.0, 1626.0, 1257.0]
4100, [270.0, 1217.0, 394.0, 1258.0]
$ 28,025,982, [1713.0, 1217.0, 2019.0, 1257.0]
銷貨收入一淨額, [544.0, 1219.0, 921.0, 1257.0]
100, [2112.0, 1219.0, 2205.0, 1257.0]
$ 30,134,218, [1128.0, 1220.0, 1430.0, 1259.0]
5000, [270.0, 1343.0, 392.0, 1384.0]
營業成本（附註十二、二四, [452.0, 1345.0, 1062.0, 1387.0]
. 17,506,511, [1721.0, 1408.0, 2008.0, 1450.0]
62, [1547.0, 1409.0, 1632.0, 1452.0]
18 648 750, [1178.0, 1410.0, 1430.0, 1452.0]
及三二）, [504.0, 1411.0, 731.0, 1450.0]
63, [2134.0, 1411.0, 2207.0, 1450.0]
5900, [268.0, 1535.0, 392.0, 1576.0]
10,519,471, [1762.0, 1535.0, 2008.0, 1577.0]
38, [1545.0, 1536.0, 1630.0, 1577.0]
 37, [2126.0, 1536.0, 2207.0, 1577.0]
營業毛利, [448.0, 1537.0, 669.0, 1578.0]
 11,485,468, [1175.0, 1538.0, 1428.0, 1579.0]
營業費用(附註二四及三二), [450.0, 1662.0, 1085.0, 1704.0]
1,477,283, [1783.0, 1725.0, 2010.0, 1767.0]
6100, [270.0, 1726.0, 394.0, 1768.0]
1,568,200, [1202.0, 1727.0, 1428.0, 1769.0]
5, [1581.0, 1727.0, 1626.0, 1767.0]
5, [2161.0, 1728.0, 2207.0, 1764.0]
行銷費用, [549.0, 1729.0, 770.0, 1768.0]
1,735,235, [1203.0, 1791.0, 1431.0, 1836.0]
1,741,110, [1785.0, 1791.0, 2012.0, 1833.0]
6200, [270.0, 1792.0, 392.0, 1833.0]
管理費用, [549.0, 1792.0, 764.0, 1834.0]
6, [1581.0, 1792.0, 1624.0, 1833.0]
6, [2163.0, 1792.0, 2207.0, 1830.0]
2, [1576.0, 1856.0, 1628.0, 1898.0]
3, [2161.0, 1857.0, 2205.0, 1894.0]
6300, [268.0, 1858.0, 392.0, 1899.0]
研究發展費用, [547.0, 1858.0, 865.0, 1899.0]
749,758, [1822.0, 1858.0, 2010.0, 1897.0]
700,957, [1242.0, 1859.0, 1430.0, 1900.0]
6450, [270.0, 1925.0, 392.0, 1964.0]
預期信用減損迴轉利益, [551.0, 1926.0, 1064.0, 1964.0]
6,334 ), [1868.0, 1987.0, 2025.0, 2028.0]
5,561), [1273.0, 1989.0, 1440.0, 2030.0]
：, [1596.0, 1989.0, 1654.0, 2042.0]
(附註十一), [617.0, 1990.0, 909.0, 2029.0]
___, [2120.0, 2001.0, 2203.0, 2037.0]
6000, [268.0, 2050.0, 390.0, 2093.0]
3,961,817, [1781.0, 2052.0, 2010.0, 2093.0]
 營業費用合計, [646.0, 2054.0, 965.0, 2095.0]
3,998,831, [1200.0, 2054.0, 1426.0, 2096.0]
13, [1547.0, 2054.0, 1626.0, 2097.0]
 14, [2128.0, 2055.0, 2207.0, 2094.0]
6900, [266.0, 2178.0, 392.0, 2219.0]
6,557,654, [1785.0, 2178.0, 2006.0, 2219.0]
7,486,637, [1200.0, 2179.0, 1428.0, 2221.0]
25, [1547.0, 2180.0, 1628.0, 2222.0]
 23, [2126.0, 2180.0, 2205.0, 2219.0]
營業淨利, [448.0, 2181.0, 667.0, 2219.0]
管業外收入及支出, [450.0, 2305.0, 861.0, 2347.0]
299,835), [1818.0, 2369.0, 2033.0, 2417.0]
7050, [268.0, 2370.0, 392.0, 2411.0]
財務成本（附註二四）, [552.0, 2370.0, 1046.0, 2414.0]
235,121 ), [1206.0, 2370.0, 1457.0, 2417.0]
（1）, [1459.0, 2370.0, 1653.0, 2418.0]
1), [2157.0, 2372.0, 2225.0, 2417.0]
7060, [266.0, 2431.0, 388.0, 2476.0]
採用權益法之關聯企業, [551.0, 2437.0, 1062.0, 2476.0]
 25,888, [1845.0, 2496.0, 2004.0, 2538.0]
48,644, [1266.0, 2500.0, 1428.0, 2541.0]
及合資損益份額, [603.0, 2501.0, 963.0, 2543.0]
 l, [1591.0, 2509.0, 1620.0, 2537.0]
一, [2172.0, 2509.0, 2201.0, 2537.0]
7100, [266.0, 2562.0, 386.0, 2606.0]
232,499, [1822.0, 2563.0, 2006.0, 2605.0]
1, [2161.0, 2563.0, 2203.0, 2601.0]
1, [1578.0, 2565.0, 1622.0, 2602.0]
268,717, [1244.0, 2566.0, 1426.0, 2607.0]
利息收入, [551.0, 2567.0, 770.0, 2606.0]
租金收入(附註三二), [549.0, 2628.0, 1037.0, 2671.0]
11,290, [1849.0, 2628.0, 2008.0, 2670.0]
7110, [266.0, 2629.0, 388.0, 2671.0]
9,469, [1295.0, 2631.0, 1426.0, 2672.0]
=, [1591.0, 2638.0, 1618.0, 2667.0]
| , [2178.0, 2641.0, 2196.0, 2664.0]
7235, [268.0, 2694.0, 386.0, 2735.0]
透過損益按公允價值衡, [547.0, 2696.0, 1062.0, 2737.0]
量之金融商品淨利益, [603.0, 2759.0, 1058.0, 2804.0]
N, [1576.0, 2823.0, 1630.0, 2864.0]
108,435 ), [1824.0, 2823.0, 2023.0, 2865.0]
(損失), [626.0, 2824.0, 791.0, 2865.0]
437,590, [1244.0, 2825.0, 1426.0, 2867.0]
7020, [268.0, 2886.0, 388.0, 2930.0]
其他利益及損失（附註, [551.0, 2891.0, 1062.0, 2932.0]
634,082, [1824.0, 2952.0, 2006.0, 2996.0]
2, [2159.0, 2953.0, 2203.0, 3001.0]
39 596, [1268.0, 2955.0, 1428.0, 2998.0]
二四), [607.0, 2957.0, 733.0, 2996.0]
|, [1586.0, 2958.0, 1645.0, 3008.0]
7000, [268.0, 3017.0, 388.0, 3059.0]
誉業外收入及支出, [651.0, 3020.0, 1060.0, 3061.0]
2, [1572.0, 3082.0, 1622.0, 3128.0]
___, [2112.0, 3082.0, 2205.0, 3132.0]
合計 , [702.0, 3084.0, 822.0, 3125.0]
568 895, [1244.0, 3085.0, 1428.0, 3128.0]
495,489, [1824.0, 3086.0, 2006.0, 3125.0]
(接次頁), [291.0, 3212.0, 535.0, 3254.0]
- 6 -, [1198.0, 3338.0, 1322.0, 3377.0]
(承前頁), [302.0, 356.0, 541.0, 404.0]
110年1月1日 至3月31日, [1703.0, 483.0, 2216.0, 532.0]
(重編後並經核閱), [1759.0, 552.0, 2164.0, 597.0]
111年1月1日至3月31日, [1117.0, 553.0, 1630.0, 595.0]
%, [2118.0, 620.0, 2188.0, 665.0]
%, [1537.0, 621.0, 1603.0, 664.0]
代 碼, [268.0, 624.0, 431.0, 668.0]
会, [1103.0, 624.0, 1173.0, 665.0]
会, [1684.0, 624.0, 1758.0, 663.0]
有, [1977.0, 624.0, 2046.0, 663.0]
有, [1395.0, 626.0, 1469.0, 664.0]
淨利歸屬於：, [448.0, 688.0, 754.0, 730.0]
8610, [266.0, 753.0, 388.0, 798.0]
6,242,293, [1182.0, 754.0, 1428.0, 798.0]
 5,005,033, [1771.0, 754.0, 2008.0, 798.0]
本公司業主, [549.0, 755.0, 812.0, 798.0]
21, [1554.0, 755.0, 1620.0, 795.0]
导, [1713.0, 755.0, 1764.0, 795.0]
ag, [1132.0, 756.0, 1186.0, 797.0]
18, [2134.0, 757.0, 2205.0, 796.0]
20,087, [1851.0, 817.0, 2008.0, 864.0]
8୧12, [266.0, 821.0, 386.0, 864.0]
共同控制下前手權益, [548.0, 821.0, 1010.0, 863.0]
1,245, [1287.0, 821.0, 1428.0, 864.0]
, [1589.0, 832.0, 1618.0, 862.0]
|, [2174.0, 832.0, 2201.0, 862.0]
_2, [2162.0, 884.0, 2212.0, 935.0]
8620, [266.0, 885.0, 388.0, 929.0]
460,781, [1824.0, 885.0, 2002.0, 929.0]
26,448, [1266.0, 887.0, 1428.0, 930.0]
非控制權益, [549.0, 888.0, 810.0, 929.0]
二, [1587.0, 897.0, 1618.0, 934.0]
$ 5,485,901, [1712.0, 945.0, 2004.0, 996.0]
_21, [1541.0, 947.0, 1620.0, 993.0]
S, [1132.0, 948.0, 1178.0, 989.0]
 20, [2124.0, 949.0, 2203.0, 993.0]
8600, [266.0, 950.0, 386.0, 994.0]
6,269,986, [1200.0, 951.0, 1426.0, 994.0]
綜合損益總額歸屬於：, [447.0, 1078.0, 952.0, 1118.0]
8710, [266.0, 1140.0, 386.0, 1184.0]
$ 10,814,862, [1130.0, 1142.0, 1428.0, 1186.0]
36, [1550.0, 1142.0, 1626.0, 1183.0]
$ 4,464,143, [1711.0, 1142.0, 2006.0, 1185.0]
本公司業主, [548.0, 1143.0, 807.0, 1184.0]
16, [2134.0, 1143.0, 2205.0, 1185.0]
17,126, [1847.0, 1204.0, 2008.0, 1248.0]
8715, [266.0, 1205.0, 388.0, 1250.0]
共同控制下前手權益, [549.0, 1206.0, 1006.0, 1251.0]
1,245, [1285.0, 1207.0, 1428.0, 1252.0]
一, [2174.0, 1221.0, 2198.0, 1245.0]
8720, [266.0, 1269.0, 388.0, 1316.0]
369,075, [1822.0, 1271.0, 2006.0, 1316.0]
33 350, [1266.0, 1272.0, 1426.0, 1317.0]
工, [2158.0, 1272.0, 2205.0, 1322.0]
非控制權益, [549.0, 1274.0, 808.0, 1315.0]
二, [1583.0, 1281.0, 1618.0, 1328.0]
_1Z, [2113.0, 1330.0, 2205.0, 1381.0]
$ 4,850,344, [1712.0, 1331.0, 2007.0, 1381.0]
$ 10,849,457, [1131.0, 1333.0, 1425.0, 1383.0]
36, [1547.0, 1333.0, 1626.0, 1379.0]
8700, [266.0, 1336.0, 386.0, 1380.0]
每股盈餘(附註二六), [448.0, 1461.0, 934.0, 1505.0]
9750, [266.0, 1524.0, 388.0, 1569.0]
6, [1711.0, 1525.0, 1764.0, 1569.0]
10.13, [1872.0, 1525.0, 2006.0, 1570.0]
11.59, [1287.0, 1527.0, 1426.0, 1573.0]
基, [549.0, 1528.0, 611.0, 1572.0]
品, [1132.0, 1528.0, 1178.0, 1572.0]
本, [698.0, 1529.0, 766.0, 1571.0]
S, [1713.0, 1584.0, 1756.0, 1629.0]
S, [1134.0, 1589.0, 1173.0, 1629.0]
9850, [266.0, 1590.0, 386.0, 1633.0]
牌, [698.0, 1590.0, 764.0, 1635.0]
9.90, [1895.0, 1592.0, 2006.0, 1635.0]
11.29, [1291.0, 1593.0, 1426.0, 1638.0]
需, [549.0, 1595.0, 611.0, 1634.0]
後附之附註係本合併財務報告之一部分。, [714.0, 2307.0, 1762.0, 2344.0]
請參閱勤業眾信聯合會計師事務所民國 111年 4 月 26 日核閱報告, [409.0, 2397.0, 2089.0, 2449.0]
會計主管:楊文翔, [1576.0, 3149.0, 2043.0, 3193.0]
董事長：陳泰銘, [270.0, 3152.0, 682.0, 3196.0]
經理人:王淡如, [921.0, 3156.0, 1324.0, 3193.0]
- 8 -, [1192.0, 3325.0, 1320.0, 3370.0]
(承前頁), [300.0, 297.0, 550.0, 347.0]
110年1月1日至3月31日, [1705.0, 429.0, 2220.0, 472.0]
111年1月1日至3月31日, [1120.0, 495.0, 1636.0, 537.0]
(重編後並經核閱), [1756.0, 498.0, 2172.0, 537.0]
%, [2124.0, 562.0, 2194.0, 606.0]
%, [1541.0, 563.0, 1614.0, 606.0]
額_, [1404.0, 564.0, 1506.0, 608.0]
会, [1107.0, 566.0, 1173.0, 608.0]
金, [1688.0, 566.0, 1762.0, 605.0]
代 碼, [274.0, 567.0, 431.0, 609.0]
額, [1979.0, 567.0, 2064.0, 604.0]
$ 8,055,532, [1132.0, 628.0, 1432.0, 673.0]
$ 7,053,143, [1713.0, 630.0, 2012.0, 673.0]
7900, [272.0, 631.0, 392.0, 673.0]
27, [1552.0, 631.0, 1628.0, 672.0]
 25, [2134.0, 633.0, 2205.0, 672.0]
稅前淨利, [448.0, 635.0, 669.0, 674.0]
 1,567,242, [1775.0, 759.0, 2017.0, 804.0]
所得稅費用(附註四及二五), [447.0, 760.0, 1084.0, 800.0]
1,785,546, [1204.0, 760.0, 1432.0, 803.0]
7950, [274.0, 761.0, 392.0, 800.0]
6, [1576.0, 762.0, 1630.0, 802.0]
 6, [2157.0, 762.0, 2207.0, 805.0]
8200, [272.0, 883.0, 390.0, 929.0]
5,485,901, [1785.0, 886.0, 2008.0, 929.0]
6,269,986, [1206.0, 887.0, 1432.0, 929.0]
21, [1550.0, 888.0, 1628.0, 932.0]
本期淨利, [450.0, 889.0, 667.0, 930.0]
 19, [2130.0, 889.0, 2205.0, 930.0]
其他綜合損益, [450.0, 1016.0, 764.0, 1057.0]
8310, [270.0, 1078.0, 394.0, 1120.0]
不重分類至損益之項, [551.0, 1083.0, 1016.0, 1122.0]
目：, [611.0, 1146.0, 706.0, 1185.0]
透過其他綜合損益, [651.0, 1210.0, 1062.0, 1251.0]
8316, [274.0, 1212.0, 392.0, 1249.0]
按公允價值衡量, [702.0, 1275.0, 1062.0, 1316.0]
之權益工具投資, [704.0, 1340.0, 1062.0, 1382.0]
未實現評價損益, [704.0, 1404.0, 1062.0, 1445.0]
(附註二三), [719.0, 1468.0, 998.0, 1510.0]
8,713 ), [1294.0, 1468.0, 1447.0, 1512.0]
6,848, [1878.0, 1471.0, 2012.0, 1509.0]
8320, [274.0, 1532.0, 392.0, 1573.0]
採用權益法之關聯, [648.0, 1534.0, 1064.0, 1576.0]
企業及合資其他, [704.0, 1598.0, 1066.0, 1641.0]
綜合損益份額, [699.0, 1662.0, 1022.0, 1706.0]
7,584), [1289.0, 1664.0, 1442.0, 1705.0]
一, [1593.0, 1680.0, 1618.0, 1705.0]
16,297), [1275.0, 1727.0, 1442.0, 1768.0]
6,848, [1876.0, 1728.0, 2009.0, 1764.0]
||, [2173.0, 1737.0, 2204.0, 1773.0]
8360, [274.0, 1790.0, 392.0, 1829.0]
後續可能重分類至損益, [548.0, 1792.0, 1063.0, 1830.0]
之項目：, [606.0, 1859.0, 815.0, 1894.0]
國外營運機構財務, [651.0, 1918.0, 1065.0, 1963.0]
8361, [272.0, 1919.0, 390.0, 1960.0]
報表換算之兌換, [698.0, 1983.0, 1066.0, 2029.0]
差額(附註二三), [702.0, 2050.0, 1076.0, 2092.0]
5,334,215, [1204.0, 2050.0, 1432.0, 2091.0]
702,841） (, [1826.0, 2050.0, 2112.0, 2092.0]
18, [1554.0, 2051.0, 1626.0, 2090.0]
2), [2159.0, 2053.0, 2215.0, 2095.0]
8368, [272.0, 2113.0, 390.0, 2156.0]
306,511, [1244.0, 2115.0, 1432.0, 2156.0]
避險工具之損益, [651.0, 2116.0, 1014.0, 2157.0]
T, [1581.0, 2117.0, 1624.0, 2155.0]
55,543 ), [1851.0, 2118.0, 2031.0, 2155.0]
|, [2176.0, 2128.0, 2201.0, 2152.0]
採用權益法之關聯, [648.0, 2179.0, 1064.0, 2220.0]
8370, [274.0, 2181.0, 392.0, 2220.0]
企業及合資之其, [702.0, 2244.0, 1064.0, 2287.0]
他綜合損益份額, [704.0, 2312.0, 1064.0, 2351.0]
14,807), [1849.0, 2372.0, 2027.0, 2416.0]
(附註二三), [723.0, 2374.0, 998.0, 2415.0]
34,754, [1268.0, 2376.0, 1426.0, 2415.0]
8399, [272.0, 2436.0, 388.0, 2478.0]
與可能重分類之項, [653.0, 2438.0, 1064.0, 2480.0]
目相關之所得稅, [706.0, 2505.0, 1066.0, 2546.0]
(附註四及二, [719.0, 2567.0, 1014.0, 2610.0]
1,079,712), [1199.0, 2631.0, 1447.0, 2680.0]
130,786, [1824.0, 2632.0, 2008.0, 2676.0]
五), [704.0, 2635.0, 793.0, 2676.0]
4), [1572.0, 2638.0, 1636.0, 2681.0]
15, [1550.0, 2695.0, 1630.0, 2740.0]
2), [2155.0, 2696.0, 2217.0, 2742.0]
4,595,768, [1206.0, 2697.0, 1430.0, 2740.0]
642,405), [1829.0, 2699.0, 2023.0, 2738.0]
8300, [272.0, 2759.0, 390.0, 2802.0]
本期其他綜合損益, [653.0, 2762.0, 1062.0, 2804.0]
(稅後淨額), [725.0, 2826.0, 987.0, 2868.0]
(__, [2070.0, 2826.0, 2217.0, 2872.0]
15, [1552.0, 2827.0, 1628.0, 2871.0]
4,579,471, [1202.0, 2828.0, 1426.0, 2870.0]
635,557), [1822.0, 2828.0, 2031.0, 2870.0]
$ 4,850,344, [1710.0, 2951.0, 2008.0, 2998.0]
_36, [1531.0, 2952.0, 1634.0, 2999.0]
_17, [2114.0, 2952.0, 2205.0, 2999.0]
$ 10,849,457, [1131.0, 2953.0, 1427.0, 2995.0]
8500, [274.0, 2954.0, 392.0, 2993.0]
本期綜合損益總額, [452.0, 2955.0, 865.0, 2996.0]
(接次頁), [299.0, 3082.0, 541.0, 3125.0]
- 7 -, [1200.0, 3271.0, 1324.0, 3310.0]
國巨股份有限公司及其子公司, [873.0, 374.0, 1634.0, 405.0]
表, [1403.0, 467.0, 1457.0, 499.0]
合, [1051.0, 471.0, 1099.0, 503.0]
民國 111年及 110年 1月1日至 3月 31日, [712.0, 559.0, 1793.0, 600.0]
(僅經核閱,未依一般公認審計準則查核), [714.0, 663.0, 1789.0, 702.0]
單位：新台幣仟元,惟, [1645.0, 755.0, 2238.0, 801.0]
每股盈餘為元, [1820.0, 825.0, 2184.0, 864.0]
110年1月1日至3月31日, [1705.0, 948.0, 2216.0, 993.0]
(重編後並經核閱), [1769.0, 1017.0, 2170.0, 1058.0]
111年1月1日至3月31日, [1120.0, 1018.0, 1634.0, 1057.0]
%, [2124.0, 1084.0, 2186.0, 1125.0]
%, [1541.0, 1085.0, 1601.0, 1124.0]
有, [1984.0, 1088.0, 2043.0, 1122.0]
有, [1401.0, 1089.0, 1461.0, 1124.0]
代, [276.0, 1090.0, 343.0, 1129.0]
金, [1690.0, 1090.0, 1744.0, 1121.0]
 碼, [355.0, 1092.0, 427.0, 1125.0]
会, [1109.0, 1094.0, 1159.0, 1121.0]
營業收入 (附註三二), [454.0, 1154.0, 936.0, 1195.0]
100, [1529.0, 1216.0, 1626.0, 1257.0]
4100, [270.0, 1217.0, 394.0, 1258.0]
$ 28,025,982, [1713.0, 1217.0, 2019.0, 1257.0]
銷貨收入一淨額, [544.0, 1219.0, 921.0, 1257.0]
100, [2112.0, 1219.0, 2205.0, 1257.0]
$ 30,134,218, [1128.0, 1220.0, 1430.0, 1259.0]
5000, [270.0, 1343.0, 392.0, 1384.0]
營業成本（附註十二、二四, [452.0, 1345.0, 1062.0, 1387.0]
. 17,506,511, [1721.0, 1408.0, 2008.0, 1450.0]
62, [1547.0, 1409.0, 1632.0, 1452.0]
18 648 750, [1178.0, 1410.0, 1430.0, 1452.0]
及三二）, [504.0, 1411.0, 731.0, 1450.0]
63, [2134.0, 1411.0, 2207.0, 1450.0]
5900, [268.0, 1535.0, 392.0, 1576.0]
10,519,471, [1762.0, 1535.0, 2008.0, 1577.0]
38, [1545.0, 1536.0, 1630.0, 1577.0]
 37, [2126.0, 1536.0, 2207.0, 1577.0]
營業毛利, [448.0, 1537.0, 669.0, 1578.0]
 11,485,468, [1175.0, 1538.0, 1428.0, 1579.0]
營業費用(附註二四及三二), [450.0, 1662.0, 1085.0, 1704.0]
1,477,283, [1783.0, 1725.0, 2010.0, 1767.0]
6100, [270.0, 1726.0, 394.0, 1768.0]
1,568,200, [1202.0, 1727.0, 1428.0, 1769.0]
5, [1581.0, 1727.0, 1626.0, 1767.0]
5, [2161.0, 1728.0, 2207.0, 1764.0]
行銷費用, [549.0, 1729.0, 770.0, 1768.0]
1,735,235, [1203.0, 1791.0, 1431.0, 1836.0]
1,741,110, [1785.0, 1791.0, 2012.0, 1833.0]
6200, [270.0, 1792.0, 392.0, 1833.0]
管理費用, [549.0, 1792.0, 764.0, 1834.0]
6, [1581.0, 1792.0, 1624.0, 1833.0]
6, [2163.0, 1792.0, 2207.0, 1830.0]
2, [1576.0, 1856.0, 1628.0, 1898.0]
3, [2161.0, 1857.0, 2205.0, 1894.0]
6300, [268.0, 1858.0, 392.0, 1899.0]
研究發展費用, [547.0, 1858.0, 865.0, 1899.0]
749,758, [1822.0, 1858.0, 2010.0, 1897.0]
700,957, [1242.0, 1859.0, 1430.0, 1900.0]
6450, [270.0, 1925.0, 392.0, 1964.0]
預期信用減損迴轉利益, [551.0, 1926.0, 1064.0, 1964.0]
6,334 ), [1868.0, 1987.0, 2025.0, 2028.0]
5,561), [1273.0, 1989.0, 1440.0, 2030.0]
：, [1596.0, 1989.0, 1654.0, 2042.0]
(附註十一), [617.0, 1990.0, 909.0, 2029.0]
___, [2120.0, 2001.0, 2203.0, 2037.0]
6000, [268.0, 2050.0, 390.0, 2093.0]
3,961,817, [1781.0, 2052.0, 2010.0, 2093.0]
 營業費用合計, [646.0, 2054.0, 965.0, 2095.0]
3,998,831, [1200.0, 2054.0, 1426.0, 2096.0]
13, [1547.0, 2054.0, 1626.0, 2097.0]
 14, [2128.0, 2055.0, 2207.0, 2094.0]
6900, [266.0, 2178.0, 392.0, 2219.0]
6,557,654, [1785.0, 2178.0, 2006.0, 2219.0]
7,486,637, [1200.0, 2179.0, 1428.0, 2221.0]
25, [1547.0, 2180.0, 1628.0, 2222.0]
 23, [2126.0, 2180.0, 2205.0, 2219.0]
營業淨利, [448.0, 2181.0, 667.0, 2219.0]
管業外收入及支出, [450.0, 2305.0, 861.0, 2347.0]
299,835), [1818.0, 2369.0, 2033.0, 2417.0]
7050, [268.0, 2370.0, 392.0, 2411.0]
財務成本（附註二四）, [552.0, 2370.0, 1046.0, 2414.0]
235,121 ), [1206.0, 2370.0, 1457.0, 2417.0]
（1）, [1459.0, 2370.0, 1653.0, 2418.0]
1), [2157.0, 2372.0, 2225.0, 2417.0]
7060, [266.0, 2431.0, 388.0, 2476.0]
採用權益法之關聯企業, [551.0, 2437.0, 1062.0, 2476.0]
 25,888, [1845.0, 2496.0, 2004.0, 2538.0]
48,644, [1266.0, 2500.0, 1428.0, 2541.0]
及合資損益份額, [603.0, 2501.0, 963.0, 2543.0]
 l, [1591.0, 2509.0, 1620.0, 2537.0]
一, [2172.0, 2509.0, 2201.0, 2537.0]
7100, [266.0, 2562.0, 386.0, 2606.0]
232,499, [1822.0, 2563.0, 2006.0, 2605.0]
1, [2161.0, 2563.0, 2203.0, 2601.0]
1, [1578.0, 2565.0, 1622.0, 2602.0]
268,717, [1244.0, 2566.0, 1426.0, 2607.0]
利息收入, [551.0, 2567.0, 770.0, 2606.0]
租金收入(附註三二), [549.0, 2628.0, 1037.0, 2671.0]
11,290, [1849.0, 2628.0, 2008.0, 2670.0]
7110, [266.0, 2629.0, 388.0, 2671.0]
9,469, [1295.0, 2631.0, 1426.0, 2672.0]
=, [1591.0, 2638.0, 1618.0, 2667.0]
| , [2178.0, 2641.0, 2196.0, 2664.0]
7235, [268.0, 2694.0, 386.0, 2735.0]
透過損益按公允價值衡, [547.0, 2696.0, 1062.0, 2737.0]
量之金融商品淨利益, [603.0, 2759.0, 1058.0, 2804.0]
N, [1576.0, 2823.0, 1630.0, 2864.0]
108,435 ), [1824.0, 2823.0, 2023.0, 2865.0]
(損失), [626.0, 2824.0, 791.0, 2865.0]
437,590, [1244.0, 2825.0, 1426.0, 2867.0]
7020, [268.0, 2886.0, 388.0, 2930.0]
其他利益及損失（附註, [551.0, 2891.0, 1062.0, 2932.0]
634,082, [1824.0, 2952.0, 2006.0, 2996.0]
2, [2159.0, 2953.0, 2203.0, 3001.0]
39 596, [1268.0, 2955.0, 1428.0, 2998.0]
二四), [607.0, 2957.0, 733.0, 2996.0]
|, [1586.0, 2958.0, 1645.0, 3008.0]
7000, [268.0, 3017.0, 388.0, 3059.0]
誉業外收入及支出, [651.0, 3020.0, 1060.0, 3061.0]
2, [1572.0, 3082.0, 1622.0, 3128.0]
___, [2112.0, 3082.0, 2205.0, 3132.0]
合計 , [702.0, 3084.0, 822.0, 3125.0]
568 895, [1244.0, 3085.0, 1428.0, 3128.0]
495,489, [1824.0, 3086.0, 2006.0, 3125.0]
(接次頁), [291.0, 3212.0, 535.0, 3254.0]
- 6 -, [1198.0, 3338.0, 1322.0, 3377.0]
