動業炭信, [1713.0, 101.0, 2042.0, 165.0]
Deloitte., [211.0, 132.0, 850.0, 252.0]
動業眾信聯合會計師事務所, [1724.0, 196.0, 2055.0, 219.0]
11073 台北市信義區松仁路100號20樓, [1720.0, 236.0, 2195.0, 259.0]
Deloitte & Touche, [1718.0, 316.0, 1953.0, 338.0]
20F, Taipei Nan Shan Plaza, [1720.0, 355.0, 2061.0, 378.0]
No. 100, Songren Rd.,, [1718.0, 394.0, 1997.0, 418.0]
Xinyi Dist., Taipei 11073, Taiwan, [1718.0, 434.0, 2117.0, 457.0]
Tel :+886 (2) 2725-9988, [1720.0, 512.0, 2019.0, 535.0]
 Fax:+886 (2) 4051-6888, [1718.0, 553.0, 2019.0, 575.0]
www.deloitte.com.tw, [1720.0, 592.0, 1986.0, 613.0]
會計師核閱報告, [1030.0, 722.0, 1433.0, 761.0]
中華電信股份有限公司, [241.0, 856.0, 818.0, 888.0]
 公 鉴 :, [838.0, 856.0, 1027.0, 885.0]
前, [239.0, 979.0, 285.0, 1015.0]
中華電信股份有限公司及其子公司民國 111年及 110年 9 月 30 日之合併資, [355.0, 1044.0, 2228.0, 1078.0]
產負債表,暨民國 111年及 110年 7 月 1 日至 9 月 30 日,以及民國 111 年及 110, [233.0, 1109.0, 2238.0, 1143.0]
年１月１日至９月 30 日之合併綜合損益表、民國 111年及 110 年１月１日至 9, [233.0, 1176.0, 2234.0, 1210.0]
月 30 日之合併權益變動表與合併現金流量表,以及合併財務報表附註（包括重, [237.0, 1242.0, 2226.0, 1276.0]
大會計政策彙總）,業經本會計師核閱獎事。依證券發行人財務報告編製準則及, [235.0, 1308.0, 2226.0, 1344.0]
經金融監督管理委員會認可並發布生效之國際會計準則第34號  期中財務報導  , [231.0, 1370.0, 2236.0, 1410.0]
編製允當表達之財務報表係管理階層之責任，本會計師之責任係依據核閱結果, [233.0, 1437.0, 2228.0, 1476.0]
對合併財務報表作成結論。, [233.0, 1506.0, 915.0, 1542.0]
载, [233.0, 1569.0, 299.0, 1608.0]
程, [407.0, 1571.0, 469.0, 1605.0]
本會計師係依照審計準則公報第六十五號「財務報表之核閱」執行核閱工, [347.0, 1629.0, 2234.0, 1669.0]
作。核閱合併財務報表時所執行之程序包括查詢（主要向負責財務與會計事務, [227.0, 1694.0, 2228.0, 1734.0]
之人員查詢）、分析性程序及其他核閱程序。核閱工作之範圍明顯小於查核工作, [233.0, 1762.0, 2228.0, 1798.0]
之範圍,因此本會計師可能無法察覺所有可藉由查核工作辨認之重大事項，故, [231.0, 1825.0, 2228.0, 1866.0]
無法表示查核意見。, [230.0, 1893.0, 741.0, 1929.0]
结, [233.0, 1960.0, 295.0, 1994.0]
输, [403.0, 1961.0, 469.0, 1994.0]
依本會計師核閱結果，並未發現上開合併財務報表在所有重大方面有未依, [349.0, 2022.0, 2230.0, 2058.0]
照證券發行人財務報告編製準則及經金融監督管理委員會認可並發布生效之國, [231.0, 2086.0, 2222.0, 2124.0]
際會計準則第 34號　期中財務報導」編製，致無法允當表達中華電信股份有限, [231.0, 2150.0, 2228.0, 2193.0]
公司及其子公司民國 111年及 110年 9月 30 日之合併財務狀況,暨民國 111 年, [233.0, 2218.0, 2228.0, 2255.0]
及 110年 7 月 1 日至 9 月 30 日之合併財務績效,以及民國 111 年及 110 年 1 月, [233.0, 2285.0, 2224.0, 2320.0]
1日至９月 30日之合併財務績效及合併現金流量之情事。, [227.0, 2352.0, 1686.0, 2387.0]
勤業眾信聯合會計師事務所, [233.0, 2480.0, 922.0, 2516.0]
第十, [1385.0, 2540.0, 1430.0, 2570.0]
育, [1476.0, 2541.0, 1523.0, 2567.0]
美, [1780.0, 2541.0, 1821.0, 2569.0]
欣, [866.0, 2543.0, 917.0, 2573.0]
 官, [415.0, 2544.0, 471.0, 2579.0]
高, [566.0, 2544.0, 618.0, 2578.0]
管, [1300.0, 2545.0, 1339.0, 2573.0]
十, [324.0, 2546.0, 376.0, 2580.0]
说, [717.0, 2546.0, 767.0, 2577.0]
管, [237.0, 2549.0, 285.0, 2581.0]
證券暨期貨管理委員會核准文號, [1290.0, 2808.0, 1999.0, 2849.0]
金融監督管理委員會核准文號, [235.0, 2811.0, 891.0, 2850.0]
台財證六字第 0930128050 號, [1353.0, 2876.0, 2077.0, 2910.0]
金管證審字第 0980032818 號, [292.0, 2878.0, 1018.0, 2910.0]
111, [1085.0, 3015.0, 1211.0, 3053.0]
11, [1567.0, 3016.0, 1654.0, 3053.0]
年, [1362.0, 3017.0, 1418.0, 3055.0]
用, [1802.0, 3020.0, 1852.0, 3055.0]
新闻, [452.0, 3021.0, 500.0, 3055.0]
民, [665.0, 3021.0, 717.0, 3056.0]
陵, [878.0, 3021.0, 928.0, 3053.0]
4, [1986.0, 3022.0, 2026.0, 3054.0]
豐, [2181.0, 3024.0, 2220.0, 3054.0]
3, [1213.0, 3343.0, 1267.0, 3374.0]
動業炭信, [1713.0, 101.0, 2042.0, 165.0]
Deloitte., [211.0, 132.0, 850.0, 252.0]
動業眾信聯合會計師事務所, [1724.0, 196.0, 2055.0, 219.0]
11073 台北市信義區松仁路100號20樓, [1720.0, 236.0, 2195.0, 259.0]
Deloitte & Touche, [1718.0, 316.0, 1953.0, 338.0]
20F, Taipei Nan Shan Plaza, [1720.0, 355.0, 2061.0, 378.0]
No. 100, Songren Rd.,, [1718.0, 394.0, 1997.0, 418.0]
Xinyi Dist., Taipei 11073, Taiwan, [1718.0, 434.0, 2117.0, 457.0]
Tel :+886 (2) 2725-9988, [1720.0, 512.0, 2019.0, 535.0]
 Fax:+886 (2) 4051-6888, [1718.0, 553.0, 2019.0, 575.0]
www.deloitte.com.tw, [1720.0, 592.0, 1986.0, 613.0]
會計師核閱報告, [1030.0, 722.0, 1433.0, 761.0]
中華電信股份有限公司, [241.0, 856.0, 818.0, 888.0]
 公 鉴 :, [838.0, 856.0, 1027.0, 885.0]
前, [239.0, 979.0, 285.0, 1015.0]
中華電信股份有限公司及其子公司民國 111年及 110年 9 月 30 日之合併資, [355.0, 1044.0, 2228.0, 1078.0]
產負債表,暨民國 111年及 110年 7 月 1 日至 9 月 30 日,以及民國 111 年及 110, [233.0, 1109.0, 2238.0, 1143.0]
年１月１日至９月 30 日之合併綜合損益表、民國 111年及 110 年１月１日至 9, [233.0, 1176.0, 2234.0, 1210.0]
月 30 日之合併權益變動表與合併現金流量表,以及合併財務報表附註（包括重, [237.0, 1242.0, 2226.0, 1276.0]
大會計政策彙總）,業經本會計師核閱獎事。依證券發行人財務報告編製準則及, [235.0, 1308.0, 2226.0, 1344.0]
經金融監督管理委員會認可並發布生效之國際會計準則第34號  期中財務報導  , [231.0, 1370.0, 2236.0, 1410.0]
編製允當表達之財務報表係管理階層之責任，本會計師之責任係依據核閱結果, [233.0, 1437.0, 2228.0, 1476.0]
對合併財務報表作成結論。, [233.0, 1506.0, 915.0, 1542.0]
载, [233.0, 1569.0, 299.0, 1608.0]
程, [407.0, 1571.0, 469.0, 1605.0]
本會計師係依照審計準則公報第六十五號「財務報表之核閱」執行核閱工, [347.0, 1629.0, 2234.0, 1669.0]
作。核閱合併財務報表時所執行之程序包括查詢（主要向負責財務與會計事務, [227.0, 1694.0, 2228.0, 1734.0]
之人員查詢）、分析性程序及其他核閱程序。核閱工作之範圍明顯小於查核工作, [233.0, 1762.0, 2228.0, 1798.0]
之範圍,因此本會計師可能無法察覺所有可藉由查核工作辨認之重大事項，故, [231.0, 1825.0, 2228.0, 1866.0]
無法表示查核意見。, [230.0, 1893.0, 741.0, 1929.0]
结, [233.0, 1960.0, 295.0, 1994.0]
输, [403.0, 1961.0, 469.0, 1994.0]
依本會計師核閱結果，並未發現上開合併財務報表在所有重大方面有未依, [349.0, 2022.0, 2230.0, 2058.0]
照證券發行人財務報告編製準則及經金融監督管理委員會認可並發布生效之國, [231.0, 2086.0, 2222.0, 2124.0]
際會計準則第 34號　期中財務報導」編製，致無法允當表達中華電信股份有限, [231.0, 2150.0, 2228.0, 2193.0]
公司及其子公司民國 111年及 110年 9月 30 日之合併財務狀況,暨民國 111 年, [233.0, 2218.0, 2228.0, 2255.0]
及 110年 7 月 1 日至 9 月 30 日之合併財務績效,以及民國 111 年及 110 年 1 月, [233.0, 2285.0, 2224.0, 2320.0]
1日至９月 30日之合併財務績效及合併現金流量之情事。, [227.0, 2352.0, 1686.0, 2387.0]
勤業眾信聯合會計師事務所, [233.0, 2480.0, 922.0, 2516.0]
第十, [1385.0, 2540.0, 1430.0, 2570.0]
育, [1476.0, 2541.0, 1523.0, 2567.0]
美, [1780.0, 2541.0, 1821.0, 2569.0]
欣, [866.0, 2543.0, 917.0, 2573.0]
 官, [415.0, 2544.0, 471.0, 2579.0]
高, [566.0, 2544.0, 618.0, 2578.0]
管, [1300.0, 2545.0, 1339.0, 2573.0]
十, [324.0, 2546.0, 376.0, 2580.0]
说, [717.0, 2546.0, 767.0, 2577.0]
管, [237.0, 2549.0, 285.0, 2581.0]
證券暨期貨管理委員會核准文號, [1290.0, 2808.0, 1999.0, 2849.0]
金融監督管理委員會核准文號, [235.0, 2811.0, 891.0, 2850.0]
台財證六字第 0930128050 號, [1353.0, 2876.0, 2077.0, 2910.0]
金管證審字第 0980032818 號, [292.0, 2878.0, 1018.0, 2910.0]
111, [1085.0, 3015.0, 1211.0, 3053.0]
11, [1567.0, 3016.0, 1654.0, 3053.0]
年, [1362.0, 3017.0, 1418.0, 3055.0]
用, [1802.0, 3020.0, 1852.0, 3055.0]
新闻, [452.0, 3021.0, 500.0, 3055.0]
民, [665.0, 3021.0, 717.0, 3056.0]
陵, [878.0, 3021.0, 928.0, 3053.0]
4, [1986.0, 3022.0, 2026.0, 3054.0]
豐, [2181.0, 3024.0, 2220.0, 3054.0]
3, [1213.0, 3343.0, 1267.0, 3374.0]
