國巨股份有限公司及其子公司

民國 111年及 110年 1月1日至 3月 31日
(僅經核閱,未依一般公認審計準則查核)

單位：新台幣仟元,惟每股盈餘為元

111年1月1日至3月31日
(重編後並經核閱)

110年1月1日至3月31日
(重編後並經核閱)

營業收入 (附註三二)
4100 28,025,982500028,025,982 500028,025,9825000 30,134,218

營業成本（附註十二、二四 及三二）
100 17,506,511
100 18,648,750

營業毛利
5900 10,519,471
5000 11,485,468

營業費用(附註二四及三二)
6100 1,477,283
6200 1,568,200

行銷費用
6100 1,735,235
6200 1,741,110

管理費用
6300 1,477,283
6400 1,568,200

研究發展費用
6300 1,477,283
6400 1,568,200

預期信用減損迴轉利益
6450 6,334 )
6500 5,561)

營業費用合計
6000 3,961,817
6100 3,998,831

營業淨利
6900 6,557,654
7000 7,486,637

業外收入及支出
7050 財務成本（附註二四）
7060 權益法之關聯企業及合資損益份額
7100 利息收入
7110 租金收入(附註三二)
7235 其他收入及支出

稅前淨利
7900 8,055,53279508,055,532 79508,055,5327950 7,053,143

所得稅費用(附註四及二五)
7950 1,785,546
7950 1,567,242

本期淨利
8200 6,269,98683006,269,986 83006,269,9868300 5,485,901

其他綜合損益
8310 不重分類至損益之項目
8316 透過其他綜合損益按公允價值衡量之權益工具投資
8320 權益法之關聯企業及合資其他綜合損益份額
8360 後續可能重分類至損益之項目
8361 國外營運機構財務報表換算之兌換差額(附註二三)
8368 避險工具之損益
8370 權益法之關聯企業及合資之其他綜合損益份額
8399 與可能重分類之項目相關之所得稅

本期綜合損益總額
8500 10,849,457850010,849,457 850010,849,4578500 4,850,344