```markdown
(5)本期合併子公司其資產、負債帳列價值如下：

| 長榮保全 | EGJ | 小計 |
| --- | --- | --- |
| 111年4月1日 | 111年1月1日 |  |
| 現金及約當現金 | $249,105 | $249,061 | $498,166 |
| 透過損益按公允價值衡量 |  |  |  |
| 量之金融資產-流動 | - | 14 | 14 |
| 按攤銷後成本衡量之金 |  |  |  |
| 融資產-流動 | 186,010 | - | 186,010 |
| 應收票據淨額 | 2,195 | - | 2,195 |
| 應收帳款淨額(含關係人) | 86,409 | 1,002,862 | 1,089,271 |
| 其他應收款 | 853 | 6,236 | 7,089 |
| 預付款項 | 35,254 | 1,414 | 36,668 |
| 其他流動資產 | 25 | 77,459 | 77,484 |
| 不動產、廠房及設備 | 8,095 | 954,646 | 962,741 |
| 使用權資產 | 48,006 | 15,541 | 63,547 |
| 投資性不動產淨額 | - | 770,652 | 770,652 |
| 無形資產 | 121,680 | 45,368 | 167,048 |
| 其他非流動資產 | 1,116 | 7,662 | 8,778 |
| 遞延所得稅資產 | 21,577 | 7,556 | 29,133 |
| 短期借款 | - | (649,082) | (649,082) |
| 應付帳款(含關係人) | (20,555) | (599,822) | (620,377) |
| 其他應付款(含關係人) | (51,027) | (125,960) | (176,987) |
| 本期所得稅負債 | (6,889) | (42,579) | (49,468) |
| 其他流動負債 | (47,795) | (832,720) | (880,515) |
| 租賃負債-流動 | (18,893) | (4,560) | (23,453) |
| 遞延所得稅負債 | (23,737) | (128,321) | (152,058) |
| 租賃負債-非流動 | (29,293) | (10,982) | (40,275) |
| 其他非流動負債 | (95,818) | (310,985) | (406,803) |
| 商譽(廉價購買利益) | 45,975 | (3,863) | 42,112 |
|  |  |  |
| $512,293 | $429,597 | $941,890 |

取得子公司價款 | $192,038 | $429,597 | $621,635 |
| 現金及約當現金 | (249,105) | (249,061) | (498,166) |
| 收購子公司淨現金(收取) |  |  |  |
| 支付數 | (57,067) | $180,536 | $123,469 |
```