```markdown
|  | 111年9月30日 | 110年12月31日 | 110年9月30日 |
|---|---|---|---|
| 商品 | $ 19,790,196 | $ 20,483,425 | $ 17,442,005 |
| 原料 | 10,139,422 | 9,841,686 | 9,750,388 |
| 在途存货 | 1,862,284 | 1,246,450 | 1,318,808 |
| 物料 | 2,424,260 | 2,297,700 | 2,174,142 |
| 在制品 | 2,561,120 | 2,711,717 | 2,472,250 |
| 制成品 | 8,263,926 | 10,138,824 | 6,783,375 |
| 副产品 | 90 | 644 | 42 |
| 營建用地 | 979,465 | 696,480 | 468,330 |
| 待售房地 | 3,696 | 4,336 | 4,336 |
| 待售运输设备 | 40,029 | 49,905 | 40,348 |
| --- | --- | --- | --- |
|  | 46,064,488 | 47,471,167 | 40,454,024 |
| 減：備抵存貨跌價損失 | ( 960,962) | ( 863,866) | ( 793,570) |
| --- | --- | --- | --- |
|  | $ 45,103,526 | $ 46,607,301 | $ 39,660,454 |

本集團當期認列為費損之存貨成本：

|  | 111年7至9月 | 110年7至9月 |
|---|---|---|
| 已出售存貨成本 | $ 93,906,181 | $ 81,757,334 |
| 存貨跌價損失 | 43,680 | 44,250 |
| 存貨報廢損失 | 462,324 | 453,865 |
| 存貨盤虧 | 98,207 | 123,519 |
| 停工損失 | 404,756 | 434,571 |
| 出售下腳及廢料收入 | ( 96,000) | ( 122,617) |
| 其他營業成本 | 1,620,636 | 1,363,309 |
| --- | --- | --- |
|  | $ 96,439,784 | $ 84,054,231 |

|  | 111年1至9月 | 110年1至9月 |
|---|---|---|
| 已出售存貨成本 | $ 261,619,718 | $ 231,270,904 |
| 存貨跌價損失 | 88,889 | 19,155 |
| 存貨報廢損失 | 1,387,275 | 1,503,295 |
| 存貨盤虧 | 237,378 | 244,553 |
| 停工損失 | 1,406,221 | 1,416,062 |
| 出售下腳及廢料收入 | ( 349,537) | ( 349,429) |
| 其他營業成本 | 4,428,931 | 3,851,811 |
| --- | --- | --- |
|  | $ 268,818,875 | $ 237,956,351 |
```