# 台灣化學纖維股份有限公司及子公司

## 合併資產負債表

### 民國 112 年 9 月 30 日及民國 111 年 12 月 31 日、9 月 30 日、1 月 1 日

### 單位：新台幣仟元

### 資產

| 資 產 | 附註 | 金 額 | % | 金 額 | % | 金 額 | % | 金 額 | % |
| --- | --- | --- | --- | --- | --- | --- | --- | --- | --- |
| 流動資產 |  |  |  |  |  |  |  |  |  |
| 1100 | 現金及約當現金 | 六(一) | $ 29,124,299 | 5 | $ 33,002,871 | 6 | $ 44,429,579 | 8 | $ 23,062,097 | 4 |
| 1110 | 透過損益按公允價值衡量之金融資產－流動 | 六(二) | 1,699,861 | - | 1,797,262 | - | 1,713,741 | - | 3,903,900 | 1 |
| 1120 | 透過其他綜合損益按公允價值衡量之金融資產－流動 | 六(三) | 91,535,106 | 16 | 92,125,314 | 17 | 89,544,208 | 15 | 116,451,723 | 20 |
| 1136 | 按攤銷後成本衡量之金融資產－流動 | 六(四) | 3,314,797 | 1 | 4,565,618 | 1 | 70,505 | - | 1,953,235 | - |
| 1150 | 應收票據淨額 | 六(五) | 7,462,007 | 1 | 6,550,164 | 1 | 6,645,665 | 1 | 8,173,238 | 1 |
| 1160 | 應收票據－關係人淨額 | 六(五)及七 | 22,442 | - | 8,147 | - | 11,062 | - | 8,505 | - |
| 1170 | 應收帳款淨額 | 六(五) | 15,637,673 | 3 | 16,355,474 | 3 | 17,715,186 | 3 | 20,204,508 | 3 |
| 1180 | 應收帳款－關係人淨額 | 六(五)及七 | 7,671,673 | 1 | 7,145,791 | 1 | 7,826,842 | 1 | 8,719,009 | 2 |
| 1200 | 其他應收款 | 七 | 3,952,232 | 1 | 4,483,253 | 1 | 3,935,037 | 1 | 2,742,096 | - |
| 1210 | 其他應收款－關係人 | 七 | 688,539 | - | 2,429,252 | - | 3,781,127 | - | 2,698,693 | - |
| 130X | 存貨 | 六(六)及八 | 44,599,854 | 8 | 48,437,390 | 9 | 53,708,674 | 9 | 47,200,475 | 8 |
| 1470 | 其他流動資產 | 11,272,897 | 2 | 7,813,014 | 1 | 10,087,133 | 2 | 11,513,548 | 2 |
| 11XX | 流動資產合計 |  |  |  |  |  |  |  |  |  |
|  |  | 216,981,380 | 38 | 224,713,550 | 40 | 239,468,759 | 41 | 246,631,027 | 41 |
| 非流動資產 |  |  |  |  |  |  |  |  |  |
| 1517 | 透過其他綜合損益按公允價值衡量之金融資產－非流動 | 六(三) | 54,245,085 | 10 | 51,954,437 | 9 | 60,865,103 | 11 | 72,999,266 | 12 |
| 1535 | 按攤銷後成本衡量之金融資產－非流動 | 六(四)及八 | 3,223,896 | 1 | 2,250,169 | 1 | 46,210 | - | 2,390,179 | 1 |
| 1550 | 採用權益法之投資 | 六(七) | 126,011,916 | 22 | 117,661,397 | 21 | 122,225,794 | 21 | 129,632,702 | 22 |
| 1600 | 不動產、廠房及設備 | 六(八)(二十八)、七及八 | 150,113,509 | 27 | 142,861,143 | 26 | 142,607,851 | 25 | 130,897,801 | 22 |
| 1755 | 使用權資產 | 六(九) | 1,581,801 | - | 1,650,577 | - | 1,711,259 | - | 1,577,555 | - |
| 1780 | 無形資產 | 六(二十八) | 346,689 | - | 340,914 | - | 341,185 | - | 5,884 | - |
| 1840 | 遞延所得稅資產 |  | 2,259,494 | - | 2,139,083 | 1 | 1,313,633 | - | 2,240,322 | - |
| 1900 | 其他非流動資產 | 六(一)(二十八) | 10,015,688 | 2 | 11,975,026 | 2 | 12,007,080 | 2 | 11,970,535 | 2 |
| 15XX | 非流動資產合計 |  |  |  |  |  |  |  |  |  |
|  |  | 347,798,078 | 62 | 330,832,746 | 60 | 341,118,115 | 59 | 351,714,244 | 59 |
| 1XXX | 資產總計 |  |  |  |  |  | 