```markdown
# 瑞昱半導體股份有限公司及子公司

## 合併財務報表

### 民國112年9月30日及民國111年12月31日、9月30日

### 單位：新台幣仟元

### 負債及權益

|  | 附註 | 112年9月30日 | 111年12月31日 | 111年9月30日 |
|---|---|---|---|---|
| 流動負債 | | | | |
| 2100 | 短期借款 | $6,386,080 | 6 | $13,737,994 | 12 | $9,927,317 | 8 |
| 2130 | 合約負債－流動 | 233,066 | - | 117,752 | - | 181,020 | - |
| 2150 | 應付票據 | - | - | - | - | 3,276 | - |
| 2170 | 應付帳款 | 8,952,561 | 8 | 10,340,079 | 9 | 16,120,928 | 12 |
| 2180 | 應付帳款－關係人 | 460,775 | - | 156,296 | - | 291,233 | - |
| 2200 | 其他應付款 | 40,645,317 | 35 | 27,684,495 | 25 | 45,895,179 | 34 |
| 2220 | 其他應付款項－關係人 | 100,576 | - | 90,401 | - | 139,948 | - |
| 2230 | 本期所得稅負債 | 1,657,476 | 1 | 1,379,985 | 1 | 1,295,717 | 1 |
| 2280 | 租賃負債－流動 | 135,316 | - | 78,446 | - | 88,570 | - |
| 2300 | 其他流動負債 | 8,565,334 | 8 | 8,959,279 | 8 | 9,390,442 | 7 |
| 21XX | 流動負債合計 | 67,136,501 | 58 | 62,544,727 | 55 | 83,333,630 | 62 |
| 非流動負債 | | | | | |
| 2540 | 長期借款 | 2,011,134 | 2 | 1,713,316 | 2 | 1,537,407 | 1 |
| 2550 | 負債準備－非流動 | 1,432,605 | 1 | 1,287,710 | 1 | 1,293,019 | 1 |
| 2570 | 遞延所得稅負債 | 215,642 | - | 62,725 | - | 241,260 | - |
| 2580 | 租賃負債－非流動 | 1,445,804 | 2 | 1,223,185 | 1 | 1,246,453 | 1 |
| 2600 | 其他非流動負債 | 99,214 | - | 105,914 | - | 146,413 | - |
| 25XX | 非流動負債合計 | 5,204,399 | 5 | 4,392,850 | 4 | 4,464,552 | 3 |
| 2XXX | 負債總計 | 72,340,900 | 63 | 66,937,577 | 59 | 87,798,182 | 65 |
| 归屬於母公司業主之權益 | | | | | |
| 股本 | 六(十七) | | | | | | |
| 3110 | 普通股股本 | 5,128,636 | 4 | 5,128,636 | 5 | 5,128,636 | 4 |
| 資本公積 | 六(十八) | | | | | | |
| 3200 | 資本公積 | 541,832 | - | 1,045,147 | 1 | 1,044,903 | 1 |
| 保留盈餘 | 六(十九) | | | | | | |
| 3310 | 法定盈餘公積 | 8,882,764 | 8 | 7,262,359 | 6 | 7,262,359 | 5 |
| 3320 | 特別盈餘公積 | - | - | 1,776,089 | 2 | 1,776,089 | 1 |
| 3350 | 未分配盈餘 | 22,664,804 | 20 | 28,854,826 | 25 | 26,721,175 | 20 |
| 其他權益 | 六(二十) | | | | | | |
| 3400 | 其他權益 | 5,250,939 | 5 | 2,686,175 | 2 | 4,694,575 | 4 |
| 31XX | 归屬於母公司業主之權益 | | | | | | | |
| 合計 | 42,468,975 | 37 | 46,753,232 | 41 | 46,627,737 | 35 |
| 36XX | 非控制權益 | 9,703 | - | 9,718 | - | 9,674 | - |
| 3XXX | 權益總計 | 42,478,678 | 37 | 46,762,950 | 41 | 46,637,411 | 35 |
| 重大承諾事項及或有事項 | 九 | | | | | | |
| 3X2X | 負債及權益總計 | $114,819,578 | 100 | $113,700,527 | 100 | $134,435,593 | 100 |

---

### 後附合併財務報表附註為本合併財務報告之一部分，請併同參閱。

---

### 董事長：邱順建
### 經理人：顏光裕
### 會計主管：張智能
```