```markdown
# 瑞昱半導體股份有限公司及子公司

## 合併損益表

### 民國 111 年及 110 年 1 月 1 日至 9 月 30 日

(僅經核閱，未依一般公認審計準則查核)

### 單位：新台幣仟元

(除每股盈餘為新台幣元外)

| 項目 | 附註 | 111 年 7 月 1 日至 9 月 30 日 | 110 年 7 月 1 日至 9 月 30 日 | 111 年 1 月 1 日至 9 月 30 日 | 110 年 1 月 1 日至 9 月 30 日 |
|------|------|-----------------------------|-----------------------------|-----------------------------|-----------------------------|
| 4000 | 營業收入 | $ 29,772,018 | 100 | $ 28,954,850 | 100 | $ 90,027,673 | 100 | $ 78,134,679 | 100 |
| 5000 | 營業成本 | ( 15,468,231) | ( 52) | ( 13,715,678) | ( 47) | ( 44,892,807) | ( 50) | ( 39,417,341) | ( 51) |
| 5950 | 營業毛利淨額 | 14,303,787 | 48 | 15,239,172 | 53 | 45,134,866 | 50 | 38,717,338 | 49 |
| 營業費用 | 六(二十六)(二十七)及七 | | | | | | | | |
| 6100 | 推銷費用 | ( 1,293,284) | ( 4) | ( 1,160,994) | ( 4) | ( 3,848,815) | ( 4) | ( 3,305,249) | ( 4) |
| 6200 | 管理費用 | ( 1,029,026) | ( 3) | ( 1,018,000) | ( 3) | ( 3,129,899) | ( 4) | ( 2,493,861) | ( 3) |
| 6300 | 研究發展費用 | ( 7,947,938) | (27) | ( 7,702,477) | (27) | ( 24,192,651) | (27) | ( 20,264,179) | (26) |
| 6450 | 預期信用減損利益(損失) | 2,397 | - | ( 4,558) | - | ( 9,789) | - | ( 7,168) | - |
| 6000 | 營業費用合計 | ( 10,267,851) | (34) | ( 9,886,029) | (34) | ( 31,181,154) | (35) | ( 26,070,457) | (33) |
| 6900 | 營業利益 | 4,035,936 | 14 | 5,353,143 | 19 | 13,953,712 | 15 | 12,646,881 | 16 |
| 營業外收入及支出 | | | | | | | | | |
| 7100 | 利息收入 | 361,657 | 1 | 69,555 | - | 689,725 | 1 | 248,578 | - |
| 7010 | 其他收入 | 109,395 | - | 72,132 | - | 217,085 | - | 141,367 | - |
| 7020 | 其他利益及損失 | ( 29,994) | - | ( 377,797) | ( 1) | ( 41,975) | - | ( 192,542) | - |
| 7050 | 財務成本 | ( 83,378) | - | ( 22,752) | - | ( 136,344) | - | ( 73,537) | - |
| 7060 | 採用權益法認列之關聯企業及合資損益之份額 | ( 3,222) | - | ( 1,921) | - | ( 14,503) | - | ( 10,514) | - |
| 7000 | 營業外收入及支出合計 | 354,458 | 1 | ( 260,783) | ( 1) | 713,988 | 1 | 113,352 | - |
| 7900 | 稅前淨利 | 4,390,394 | 15 | 5,092,360 | 18 | 14,667,700 | 16 | 12,760,233 | 16 |
| 7950 | 所得稅費用 | ( 183,357) | ( 1) | ( 204,490) | ( 1) | ( 597,251) | - | ( 512,899) | - |
| 8200 | 本期淨利 | $ 4,207,037 | 14 | $ 4,887,870 | 17 | $ 14,070,449 | 16 | $ 12,247,334 | 16 |

(續 次 頁)
```