```markdown
非衍生金融負債剩餘合約到期分析係依本公司及子公司最早可能被要求還款之日期，按金融負債未折現現金流量（包含本金及估計利息）編製。因此，本公司及子公司可被要求立即還款之銀行借款，係列於下表最早之期間內，不考慮銀行立即執行該權利之機率；其他非衍生金融負債到期分析係依照約定之還款日編製。

下表係按到期日及未折現之到期金額彙總列示本公司及子公司已約定還款期間之金融負債分析：

| 1 年以內 | 1 至 5 年 | 5 年以上 | 合計 |
|----------|----------|----------|------|
| 111年3月31日 |
| 非衍生金融負債 |
| 無附息負債 | $54,346,791 | $371,216 | $ - | $54,718,007 |
| 租賃負債 | 1,200,391 | 3,184,848 | 9,214,010 | 13,599,249 |
| 浮動利率負債 | 34,430,578 | 37,697,470 | 4,127,342 | 76,255,390 |
| 固定利率負債 | 42,428,122 | 42,879,644 | 18,239,848 | 103,547,614 |
| 退款負債 | 3,846,982 | - | - | 3,846,982 |
| 財務保證負債 | 3,875,656 | 5,646,604 | 500,743 | 10,023,003 |
| $140,128,520 | $89,779,782 | $32,081,943 | $261,990,245 |

| 110年12月31日 |
|----------|----------|----------|------|
| 非衍生金融負債 |
| 無附息負債 | $57,102,113 | $302,678 | $ - | $57,404,791 |
| 租賃負債 | 1,124,687 | 3,178,198 | 9,383,399 | 13,686,284 |
| 浮動利率負債 | 39,172,012 | 40,044,598 | 1,277,863 | 80,494,473 |
| 固定利率負債 | 34,808,970 | 43,778,903 | 21,010,936 | 99,598,809 |
| 退款負債 | 3,698,912 | - | - | 3,698,912 |
| 財務保證負債 | 3,671,525 | 8,679,198 | 475,001 | 12,825,724 |
| $139,578,219 | $95,983,575 | $32,147,199 | $267,708,993 |

| 110年3月31日 |
|----------|----------|----------|------|
| 非衍生金融負債 |
| 無附息負債 | $40,384,054 | $247,438 | $ - | $40,631,492 |
| 租賃負債 | 1,035,295 | 3,081,576 | 9,743,686 | 13,860,557 |
| 浮動利率負債 | 30,989,588 | 50,004,460 | 1,675,375 | 82,669,423 |
| 固定利率負債 | 53,805,963 | 57,700,050 | 25,295,862 | 136,801,875 |
| 退款負債 | 2,976,338 | - | - | 2,976,338 |
| 財務保證負債 | 3,756,321 | 22,639,240 | 4,868,883 | 31,264,444 |
| $132,947,559 | $133,672,764 | $41,583,806 | $308,204,129

上述財務保證合約之金額，係財務保證合約持有人若向保證人求償全數保證金額時，本公司及子公司為履行保證義務可能須支付之最大金額。惟依資產負債表日之評估，本公司及子公司認為支付該等合約款項之可能性不大。

三十、關係人交易

本公司及子公司（係本公司之關係人）間之交易、帳戶餘額、收益及費損於合併時全數予以銷除，是以未揭露於本附註。除已於其他
```