```markdown
# 台灣積體電路股份有限公司及子公司

## 合併綜合損益表

### 民國 111 年及 110 年 7 月 1 日至 9 月 30 日

(僅經核閱，未經獨立會計師查核)

| 代 碼 | 111年7月1日至9月30日 | 110年7月1日至9月30日 | 111年1月1日至9月30日 | 110年1月1日至9月30日 |
|-------|------------------|------------------|------------------|------------------|
| 4000  | 營業收入淨額（附註二一、三一及三六） | $ 613,142,743 | $ 414,670,379 | $1,638,359,424 | $1,149,225,731 |
| 5000  | 營業成本（附註十二、二八及三一） | 242,644,026 | 201,924,184 | 679,189,547 | 560,443,288 |
| 5950  | 營業毛利 | 370,498,717 | 212,746,195 | 959,169,877 | 588,782,443 |
| 6300  | 營業費用（附註二八及三一） | 42,977,507 | 30,866,634 | 118,675,177 | 92,496,368 |
| 6200  | 研究發展費用 | 14,499,002 | 8,929,793 | 36,567,623 | 23,280,651 |
| 6100  | 管理費用 | 2,709,953 | 1,853,469 | 6,929,370 | 5,568,153 |
| 6000  | 行銷費用 | 60,186,462 | 41,649,916 | 162,172,170 | 121,345,172 |
| 6500  | 其他營業收益及費損淨額（附註二八） | 11,959 | - | (759,626) | (228,328) |
| 6900  | 營業淨利（附註三六） | 310,324,214 | 171,003,548 | 796,238,081 | 467,208,943 |
| 7060  | 營業外收入及支出 | 2,077,809 | 1,513,156 | 6,061,304 | 3,952,156 |
| 7100  | 利息收入（附註二二） | 6,615,044 | 1,356,544 | 11,834,868 | 4,246,129 |
| 7190  | 其他收入 | 120,905 | 155,818 | 941,465 | 813,088 |
| 7230  | 外幣兌換淨益（損）（附註三四） | 3,748,421 | 3,724,723 | 5,859,265 | 9,848,594 |
| 7050  | 財務成本（附註二三） | 3,370,018 | 1,334,063 | (8,415,015) | (3,240,557) |
| 7020  | 其他利得及損失淨額（附註二四） | 4,671,334 | 2,568,087 | (2,999,124) | (4,521,250) |
| 7000  | 合 計 | 6,366,653 | 2,848,091 | 13,282,763 | 11,098,160 |
| 7900  | 稅前淨利 | 316,690,867 | 173,851,639 | 809,520,844 | 478,307,103 |
| 7950  | 所得稅費用（附註四及二十五） | 35,722,460 | 17,372,485 | 88,498,811 | 47,607,484 |
| 8200  | 本期淨利 | 280,968,407 | 156,479,154 | 721,022,033 | 430,699,619 |
| 8310  | 其他綜合損益（附註二十） |  |  |  |  |
| 8316  | 不重分類至損益之項目： |  |  |  |  |
| 8317  | 透過其他綜合損益按公允價值衡量之權益工具投資未實現評價損益 | (103,591) | - | 264,000 | - | 68,610 | - | 1,081,336 | - |
| 8318  | 避險工具之損益 | - | - | - | - | - | - | 41,416 | - |
| 8320  | 採用權益法認列之關聯企業之其他綜合損益份額 | 21,431 | - | 17,230 | - | 76,518 | - | 21,732 | - |
| 8349  | 與不重分類之項目相關之所得稅利益（費用） | 31 | - | (231) | - | 262 | - | (56,076) | - |
| 8360  | 後續可能重分類至損益之項目： |  |  |  |  |
| 8361  | 國外營運機構財務報表換算之兌換差額 | 34,872,636 | 5 | (541,643) | - | 68,084,934 | 4 | (3,636,922) | - |
| 8367  | 透過其他綜合損益按公允價值衡量之債務工具投資未實現評價損益 | (2,973,821) | - | (419,794) | - | (11,263,186) | - | (2,209,963) | - |
| 8368  | 避險工具之損益 | 4,989 | - | - | - | 1,347,573 | - | - | - |
| 8370  | 採用權益法認列之關聯企業之其他綜合損益份額 | 299,724 | - | (26,886) | - | 591,374 | - | (100,543) | - |
| 8399  | 與可能重分類之項目相關之所得稅利益 |